1 1 2018 1920 0.04731 0.222255567
1 2 2018 1800 0.04502 0.198278885
1 3 2018 1650 0.04239 0.171137756
1 4 2018 1690 0.04281 0.177023289
1 5 2018 1710 0.04292 0.179578482
1 6 2018 1600 0.04103 0.160627526
1 7 2018 1390 0.03792 0.128967892
1 8 2018 1280 0.03638 0.113938668
1 9 2018 1099 0.03428 0.092180058
1 10 2018 1520 0.03916 0.145641366
1 11 2018 1800 0.0432 0.190263168
1 12 2018 7210 0.22312 3.936155415
1 13 2018 11800 0.56091 16.19472814
1 14 2018 9330 0.35148 8.023811793
1 15 2018 7680 0.2458 4.618932019
1 16 2018 7380 0.22853 4.126653966
1 17 2018 8640 0.30118 6.367051215
1 18 2018 7640 0.24085 4.502341999
1 19 2018 6930 0.20317 3.445016347
1 20 2018 7860 0.25135 4.833924995
1 21 2018 7730 0.24326 4.600962231
1 22 2018 7610 0.23592 4.392865316
1 23 2018 9900 0.38117 9.233202884
1 24 2018 10800 0.45075 11.91126708
1 25 2018 8320 0.27375 5.57283168
1 26 2018 8070 0.2584 5.102282678
1 27 2018 7870 0.24644 4.745526515
1 28 2018 7590 0.23065 4.283450048
1 29 2018 7510 0.22585 4.150099448
1 30 2018 7690 0.23475 4.417030647
1 31 2018 7150 0.20658 3.6140386
2 1 2018 6530 0.17726 2.832190085
2 2 2018 5780 0.1458 2.061977083
2 3 2018 3590 0.07605 0.668024113
2 4 2018 3040 0.06297 0.468387988
2 5 2018 10630 0.42404 11.0290616
2 6 2018 2160 0.04559 0.240947162
2 7 2018 1810 0.03993 0.17683831
2 8 2018 1560 0.03636 0.138786411
2 9 2018 1550 0.03617 0.137176172
2 10 2018 1700 0.03815 0.158687214
2 11 2018 1830 0.03998 0.179016207
2 12 2018 2020 0.04287 0.211886518
2 13 2018 2530 0.05173 0.320229599
2 14 2018 2690 0.05477 0.360490225
2 15 2018 3220 0.06593 0.519442427
2 16 2018 7100 0.19894 3.456041383
2 17 2018 8310 0.26172 5.321528682
2 18 2018 7440 0.21519 3.917360076
2 19 2018 6110 0.15535 2.322474422
2 20 2018 6710 0.18063 2.965588398
2 21 2018 7930 0.24027 4.661988603
2 22 2018 7820 0.23437 4.484429955
2 23 2018 7170 0.2017 3.538535245
2 24 2018 7070 0.19696 3.407186617
2 25 2018 7260 0.20606 3.660402034
2 26 2018 7850 0.23603 4.533517901
2 27 2018 7210 0.20376 3.594617369
2 28 2018 6490 0.17113 2.717498537
3 1 2018 5820 0.14408 2.051753374
3 2 2018 5700 0.13964 1.947525566
3 3 2018 5290 0.12493 1.61704045
3 4 2018 5010 0.11554 1.416343393
3 5 2018 4733 0.10675 1.236240195
3 6 2018 4620 0.10333 1.168064639
3 7 2018 4280 0.09335 0.977589578
3 8 2018 3930 0.08377 0.805525953
3 9 2018 3860 0.08203 0.774744475
3 10 2018 3510 0.07327 0.629262396
3 11 2018 3160 0.06518 0.50396446
3 12 2018 3010 0.06197 0.45640087
3 13 2018 2820 0.05805 0.400543607
3 14 2018 2920 0.06026 0.430536971
3 15 2018 2740 0.05663 0.379660658
3 16 2018 2780 0.05757 0.391597127
3 17 2018 2790 0.05791 0.395326785
3 18 2018 2670 0.05559 0.363167024
3 19 2018 2650 0.05532 0.358695986
3 20 2018 2750 0.0575 0.38690025
3 21 2018 2510 0.05285 0.324576584
3 22 2018 2390 0.05071 0.296544575
3 23 2018 2230 0.04792 0.261468963
3 24 2018 2270 0.04878 0.270935632
3 25 2018 2330 0.05003 0.285223231
3 26 2018 2250 0.04871 0.268163163
3 27 2018 2570 0.05498 0.345729414
3 28 2018 3810 0.08448 0.78754858
3 29 2018 5210 0.12917 1.646636943
3 30 2018 8530 0.29151 6.084164678
3 31 2018 10500 0.4342 11.15520588
4 1 2018 9330 0.3468 7.916973739
4 2 2018 8200 0.27438 5.505094469
4 3 2018 8574 0.29861 6.26449834
4 4 2018 8180 0.27528 5.509680751
4 5 2018 8640 0.30522 6.452458237
4 6 2018 8200 0.27871 5.59197055
4 7 2018 7880 0.26071 5.026693197
4 8 2018 7650 0.24853 4.651989511
4 9 2018 7200 0.22484 3.960997286
4 10 2018 6740 0.20216 3.333907893
4 11 2018 6530 0.19278 3.080162499
4 12 2018 5840 0.16218 2.31744062
4 13 2018 4190 0.10155 1.041099943
4 14 2018 3550 0.08309 0.721731373
4 15 2018 3470 0.08129 0.690184291
4 16 2018 4840 0.12521 1.482800928
4 17 2018 10700 0.4846 12.6871963
4 18 2018 9790 0.40924 9.803005349
4 19 2018 8160 0.29316 5.853199726
4 20 2018 7110 0.23179 4.032392219
4 21 2018 6910 0.22206 3.754454579
4 22 2018 6640 0.20896 3.394921298
4 23 2018 6220 0.18899 2.876256953
4 24 2018 5870 0.17345 2.49121309
4 25 2018 6050 0.1828 2.706013992
4 26 2018 6140 0.18812 2.826192978
4 27 2018 5600 0.164 2.24714112
4 28 2018 4610 0.12453 1.404667018
4 29 2018 3810 0.09773 0.911069161
4 30 2018 2870 0.07149 0.502025371
5 1 2018 2250 0.05738 0.315894114
5 2 2018 1730 0.04754 0.201235109
5 3 2018 1450 0.04322 0.153338509
5 4 2018 1870 0.05066 0.231795641
5 5 2018 2650 0.06799 0.44084852
5 6 2018 3090 0.07993 0.604319717
5 7 2018 2627 0.06821 0.438436391
5 8 2018 2270 0.0602 0.334365007
5 9 2018 2100 0.05685 0.292111218
5 10 2018 1870 0.05248 0.24012308
5 11 2018 1850 0.05241 0.237238058
5 12 2018 1860 0.05292 0.24084146
5 13 2018 1870 0.05344 0.244515575
5 14 2018 3020 0.08183 0.604669365
5 15 2018 3680 0.10291 0.926624692
5 16 2018 3570 0.09986 0.872284689
5 17 2018 3880 0.11114 1.055116926
5 18 2018 3390 0.0952 0.78965087
5 19 2018 2800 0.07806 0.534792182
5 20 2018 2290 0.06524 0.365550941
5 21 2018 2180 0.06302 0.336150192
5 22 2018 2550 0.07267 0.453412838
5 23 2018 2470 0.07102 0.429216188
5 24 2018 3330 0.09681 0.788792778
5 25 2018 2790 0.08073 0.551109158
5 26 2018 1970 0.06011 0.289741982
5 27 2018 1670 0.05411 0.221101901
5 28 2018 1550 0.05213 0.19770511
5 29 2018 1540 0.05227 0.196957123
5 30 2018 1690 0.05554 0.22966301
5 31 2018 1410 0.05056 0.174431393
6 1 2018 1240 0.04809 0.145906599
6 2 2018 1340 0.04999 0.163902813
6 3 2018 1410 0.0515 0.177674382
6 4 2018 1630 0.05603 0.223463553
6 5 2018 1733 0.05857 0.248354629
6 6 2018 1740 0.05906 0.251443934
6 7 2018 1290 0.0507 0.16002806
6 8 2018 1200 0.04959 0.145604174
6 9 2018 1090 0.04834 0.12892336
6 10 2018 930 0.04685 0.106608299
6 11 2018 1080 0.04879 0.128929722
6 12 2018 839 0.04675 0.095971448
6 13 2018 1030 0.04875 0.122859945
6 14 2018 892 0.04766 0.104020123
6 15 2018 768 0.0473 0.088883436
6 16 2018 832 0.04782 0.097348972
6 17 2018 666 0.04798 0.078186711
6 18 2018 547 0.04962 0.066411388
6 19 2018 797 0.0485 0.094579831
6 20 2018 726 0.04865 0.086420731
6 21 2018 766 0.04896 0.091763221
6 22 2018 827 0.04946 0.100082488
6 23 2018 723 0.04947 0.087514231
6 24 2018 752 0.04975 0.091539682
6 25 2018 1060 0.05258 0.136371909
6 26 2018 1040 0.05259 0.1338243
6 27 2018 1200 0.05528 0.162310925
6 28 2018 1120 0.05429 0.148777185
6 29 2018 1680 0.06585 0.27068459
6 30 2018 1700 0.06668 0.277359461
7 1 2018 914 0.05254 0.117499153
7 2 2018 737 0.05187 0.093536735
7 3 2018 719 0.05213 0.091709661
7 4 2018 560 0.05379 0.073703488
7 5 2018 790 0.05274 0.101944943
7 6 2018 1700 0.06867 0.285636985
7 7 2018 1260 0.05919 0.182480876
7 8 2018 932 0.05451 0.124305563
7 9 2018 611 0.05428 0.081148318
7 10 2018 597.1 0.0547 0.07991584
7 11 2018 587 0.05509 0.079124202
7 12 2018 672 0.05449 0.089595161
7 13 2018 343 0.06727 0.056456509
7 14 2018 435 0.06051 0.064404303
7 15 2018 484 0.05859 0.069385278
7 16 2018 311 0.0721 0.054864841
7 17 2018 613 0.05611 0.084158738
7 18 2018 930 0.05682 0.129295274
7 19 2018 1900 0.07809 0.363034163
7 20 2018 1380 0.06496 0.219342897
7 21 2018 750 0.05629 0.103297779
7 22 2018 952 0.05789 0.13484628
7 23 2018 1090 0.06002 0.16007406
7 24 2018 2220 0.08948 0.486046054
7 25 2018 2850 0.11286 0.787015667
7 26 2018 3120 0.12443 0.949900611
7 27 2018 3710 0.1521 1.380707219
7 28 2018 3460 0.14048 1.189293565
7 29 2018 3300 0.13348 1.077776251
7 30 2018 3060 0.12326 0.922873258
7 31 2018 3140 0.12706 0.976195881
8 1 2018 2490 0.10111 0.616015911
8 2 2018 1280 0.06535 0.204669926
8 3 2018 1050 0.06127 0.157411208
8 4 2018 1040 0.06126 0.155886607
8 5 2018 688 0.0588 0.098983826
8 6 2018 812 0.05905 0.117320634
8 7 2018 1030 0.06148 0.154942142
8 8 2018 1057 0.06198 0.160296866
8 9 2018 1180 0.06427 0.185561886
8 10 2018 1590 0.07387 0.287384734
8 11 2018 1200 0.06486 0.190439338
8 12 2018 934 0.0607 0.13871839
8 13 2018 847 0.05995 0.124242754
8 14 2018 1130 0.0638 0.176399599
8 15 2018 1330 0.06793 0.221060795
8 16 2018 1620 0.07524 0.298237516
8 17 2018 1180 0.06492 0.187438582
8 18 2018 1610 0.0751 0.295845035
8 19 2018 2520 0.10514 0.648286511
8 20 2018 2240 0.09492 0.520240573
8 21 2018 1510 0.07258 0.268159003
8 22 2018 1250 0.06652 0.20345142
8 23 2018 1960 0.08564 0.410706146
8 24 2018 3250 0.13628 1.083712188
8 25 2018 3180 0.13306 1.035316441
8 26 2018 1820 0.08131 0.362087741
8 27 2018 1320 0.06805 0.219786257
8 28 2018 1050 0.06282 0.161393375
8 29 2018 1010 0.06218 0.153663444
8 30 2018 986 0.06182 0.14914352
8 31 2018 1170 0.06482 0.185563844
9 1 2018 1130 0.06403 0.177035523
9 2 2018 994 0.0618 0.150304967
9 3 2018 769 0.05974 0.112406139
9 4 2018 837 0.06001 0.122898776
9 5 2018 738 0.05956 0.107549779
9 6 2018 1030 0.06206 0.15640386
9 7 2018 807 0.0596 0.117684229
9 8 2018 642 0.05971 0.093795191
9 9 2018 676 0.05938 0.098216705
9 10 2018 1020 0.06154 0.153587593
9 11 2018 1903 0.0826 0.384607109
9 12 2018 4290 0.18751 1.968249718
9 13 2018 3920 0.16672 1.599087544
9 14 2018 2930 0.11944 0.856280171
9 15 2018 1850 0.08033 0.363620171
9 16 2018 1410 0.06838 0.235910179
9 17 2018 1300 0.06576 0.209172038
9 18 2018 1190 0.06338 0.184543039
9 19 2018 1310 0.06565 0.21042847
9 20 2018 1580 0.07188 0.277884055
9 21 2018 1430 0.06799 0.237891843
9 22 2018 1100 0.0611 0.164449428
9 23 2018 1610 0.07205 0.283830023
9 24 2018 2310 0.09306 0.52598517
9 25 2018 1720 0.07454 0.313701292
9 26 2018 1770 0.07569 0.327800977
9 27 2018 2430 0.09633 0.572751593
9 28 2018 3250 0.12837 1.020811077
9 29 2018 3110 0.12192 0.927756092
9 30 2018 2690 0.10477 0.689584825
10 1 2018 1620 0.07041 0.279092285
10 2 2018 1760 0.07384 0.317982213
10 3 2018 3320 0.12909 1.048646608
10 4 2018 5067 0.22099 2.739819788
10 5 2018 4640 0.19453 2.208528659
10 6 2018 4790 0.20247 2.372983225
10 7 2018 5080 0.21917 2.724226992
10 8 2018 5870 0.27085 3.890141629
10 9 2018 5230 0.22669 2.900898431
10 10 2018 4930 0.2073 2.500602685
10 11 2018 5340 0.23169 3.027241151
10 12 2018 5240 0.22432 2.876058762
10 13 2018 4670 0.1896 2.166475018
10 14 2018 3690 0.13926 1.257335648
10 15 2018 2170 0.08133 0.431826189
10 16 2018 1430 0.06172 0.215953589
10 17 2018 1560 0.0643 0.245433614
10 18 2018 1500 0.06263 0.229864626
10 19 2018 2110 0.07799 0.402642717
10 20 2018 1940 0.07284 0.345756329
10 21 2018 1410 0.05978 0.206240283
10 22 2018 2080 0.07595 0.386535677
10 23 2018 2680 0.09417 0.617512618
10 24 2018 2100 0.07572 0.389070562
10 25 2018 2100 0.07531 0.386963867
10 26 2018 2130 0.07575 0.394785063
10 27 2018 1860 0.06813 0.3100629
10 28 2018 3730 0.13132 1.198500384
10 29 2018 6280 0.27145 4.171074641
10 30 2018 6050 0.25446 3.766807004
10 31 2018 6440 0.2795 4.404191064
11 1 2018 6880 0.30974 5.214158204
11 2 2018 8740 0.46837 10.01610744
11 3 2018 8490 0.44163 9.174126611
11 4 2018 7670 0.36642 6.876588018
11 5 2018 8070 0.39844 7.867467145
11 6 2018 7790 0.37214 7.093201264
11 7 2018 7590 0.35353 6.565480578
11 8 2018 7340 0.33172 5.957529321
11 9 2018 6860 0.2942 4.938161122
11 10 2018 6870 0.29316 4.927877711
11 11 2018 6730 0.28163 4.637591071
11 12 2018 6410 0.25857 4.055408777
11 13 2018 6340 0.25251 3.917114907
11 14 2018 6360 0.25225 3.925425708
11 15 2018 6030 0.23039 3.39922106
11 16 2018 5780 0.21443 3.032577133
11 17 2018 5490 0.19711 2.647765227
11 18 2018 4750 0.15893 1.847132139
11 19 2018 4580 0.15022 1.683416996
11 20 2018 4730 0.15606 1.806139186
11 21 2018 4770 0.15693 1.831567065
11 22 2018 4590 0.1479 1.661037095
11 23 2018 3800 0.11508 1.069995427
11 24 2018 3390 0.09993 0.828884574
11 25 2018 3950 0.11926 1.152631204
11 26 2018 6100 0.21925 3.27241149
11 27 2018 7670 0.31873 5.981591886
11 28 2018 7780 0.32476 6.182165135
11 29 2018 7310 0.28975 5.182499793
11 30 2018 7040 0.27017 4.65380577
12 1 2018 6540 0.2377 3.803692514
12 2 2018 6740 0.2482 4.093173422
12 3 2018 8140 0.34122 6.796062361
12 4 2018 8120 0.33766 6.708634283
12 5 2018 8090 0.3334 6.599523641
12 6 2018 7680 0.30233 5.681211218
12 7 2018 7020 0.25764 4.425362735
12 8 2018 6010 0.19904 2.926936543
12 9 2018 5070 0.15322 1.900736389
12 10 2018 4397 0.12498 1.344607278
12 11 2018 4460 0.12665 1.382097001
12 12 2018 3980 0.10855 1.057088557
12 13 2018 3250 0.08488 0.674974248
12 14 2018 3030 0.07822 0.579907749
12 15 2018 3080 0.07913 0.596335075
12 16 2018 3450 0.08924 0.75331589
12 17 2018 3840 0.10083 0.947369641
12 18 2018 4420 0.12014 1.2992968
12 19 2018 4100 0.10826 1.086051329
12 20 2018 3380 0.08521 0.704702379
12 21 2018 4780 0.13149 1.537868119
12 22 2018 8540 0.33297 6.957631906
12 23 2018 8410 0.32205 6.627012215
12 24 2018 7250 0.24675 4.377172275
12 25 2018 6680 0.21399 3.49758609
12 26 2018 6370 0.19703 3.070932435
12 27 2018 6030 0.17964 2.650445207
12 28 2018 5860 0.17092 2.450693348
12 29 2018 6230 0.1872 2.853595181
12 30 2018 6380 0.19348 3.020335792
12 31 2018 6170 0.18249 2.755007002
