1 1 2018 0 0 0.13753
1 2 2018 0 0 0.13753
1 3 2018 0 0 0.13753
1 4 2018 0 0 0.13753
1 5 2018 0 0 0.13753
1 6 2018 0 0 0.13753
1 7 2018 0 0 0.13753
1 8 2018 0 0 0.13753
1 9 2018 0 0 0.13753
1 10 2018 0 0 0.13753
1 11 2018 0 0 0.13753
1 12 2018 0 0 0.13753
1 13 2018 0 0 0.13753
1 14 2018 0 0 0.13753
1 15 2018 0 0 0.13753
1 16 2018 0 0 0.13753
1 17 2018 0 0 0.13753
1 18 2018 0 0 0.13753
1 19 2018 0 0 0.13753
1 20 2018 0 0 0.13753
1 21 2018 0 0 0.13753
1 22 2018 0 0 0.13753
1 23 2018 0 0 0.13753
1 24 2018 0 0 0.13753
1 25 2018 0 0 0.13753
1 26 2018 0 0 0.13753
1 27 2018 0 0 0.13753
1 28 2018 0 0 0.13753
1 29 2018 0 0 0.13753
1 30 2018 0 0 0.13753
1 31 2018 0 0 0.13753
2 1 2018 0 0 0.13753
2 2 2018 0 0 0.13753
2 3 2018 0 0 0.13753
2 4 2018 0 0 0.13753
2 5 2018 0 0 0.13753
2 6 2018 0 0 0.13753
2 7 2018 0 0 0.13753
2 8 2018 0 0 0.13753
2 9 2018 0 0 0.13753
2 10 2018 0 0 0.13753
2 11 2018 0 0 0.13753
2 12 2018 0 0 0.13753
2 13 2018 0 0 0.13753
2 14 2018 0 0 0.13753
2 15 2018 0 0 0.13753
2 16 2018 0 0 0.13753
2 17 2018 0 0 0.13753
2 18 2018 0 0 0.13753
2 19 2018 0 0 0.13753
2 20 2018 0 0 0.13753
2 21 2018 0 0 0.13753
2 22 2018 0 0 0.13753
2 23 2018 0 0 0.13753
2 24 2018 0 0 0.13753
2 25 2018 0 0 0.13753
2 26 2018 0 0 0.13753
2 27 2018 0 0 0.13753
2 28 2018 0 0 0.13753
3 1 2018 0 0 0.13753
3 2 2018 0 0 0.13753
3 3 2018 0 0 0.13753
3 4 2018 0 0 0.13753
3 5 2018 0 0 0.13753
3 6 2018 0 0 0.13753
3 7 2018 0 0 0.13753
3 8 2018 0 0 0.13753
3 9 2018 0 0 0.13753
3 10 2018 0 0 0.13753
3 11 2018 0 0 0.13753
3 12 2018 0 0 0.13753
3 13 2018 0 0 0.13753
3 14 2018 0 0 0.13753
3 15 2018 0 0 0.13753
3 16 2018 0 0 0.13753
3 17 2018 0 0 0.13753
3 18 2018 0 0 0.13753
3 19 2018 0 0 0.13753
3 20 2018 0 0 0.13753
3 21 2018 0 0 0.13753
3 22 2018 0 0 0.13753
3 23 2018 0 0 0.13753
3 24 2018 0 0 0.13753
3 25 2018 0 0 0.13753
3 26 2018 0 0 0.13753
3 27 2018 0 0 0.13753
3 28 2018 0 0 0.13753
3 29 2018 0 0 0.13753
3 30 2018 0 0 0.13753
3 31 2018 0 0 0.13753
4 1 2018 0 0 0.13753
4 2 2018 0 0 0.13753
4 3 2018 0 0 0.13753
4 4 2018 0 0 0.13753
4 5 2018 0 0 0.13753
4 6 2018 0 0 0.13753
4 7 2018 0 0 0.13753
4 8 2018 0 0 0.13753
4 9 2018 0 0 0.13753
4 10 2018 0 0 0.13753
4 11 2018 0 0 0.13753
4 12 2018 0 0 0.13753
4 13 2018 0 0 0.13753
4 14 2018 0 0 0.13753
4 15 2018 0 0 0.13753
4 16 2018 0 0 0.13753
4 17 2018 0 0 0.13753
4 18 2018 0 0 0.13753
4 19 2018 0 0 0.13753
4 20 2018 0 0 0.13753
4 21 2018 0 0 0.13753
4 22 2018 0 0 0.13753
4 23 2018 0 0 0.13753
4 24 2018 0 0 0.13753
4 25 2018 0 0 0.13753
4 26 2018 0 0 0.13753
4 27 2018 0 0 0.13753
4 28 2018 0 0 0.13753
4 29 2018 0 0 0.13753
4 30 2018 0 0 0.13753
5 1 2018 0 0 0.13753
5 2 2018 0 0 0.13753
5 3 2018 0 0 0.13753
5 4 2018 0 0 0.13753
5 5 2018 0 0 0.13753
5 6 2018 0 0 0.13753
5 7 2018 0 0 0.13753
5 8 2018 0 0 0.13753
5 9 2018 0 0 0.13753
5 10 2018 0 0 0.13753
5 11 2018 0 0 0.13753
5 12 2018 0 0 0.13753
5 13 2018 0 0 0.13753
5 14 2018 0 0 0.13753
5 15 2018 0 0 0.13753
5 16 2018 0 0 0.13753
5 17 2018 0 0 0.13753
5 18 2018 0 0 0.13753
5 19 2018 0 0 0.13753
5 20 2018 0 0 0.13753
5 21 2018 0 0 0.13753
5 22 2018 0 0 0.13753
5 23 2018 0 0 0.13753
5 24 2018 0 0 0.13753
5 25 2018 0 0 0.13753
5 26 2018 0 0 0.13753
5 27 2018 0 0 0.13753
5 28 2018 0 0 0.13753
5 29 2018 0 0 0.13753
5 30 2018 0 0 0.13753
5 31 2018 0 0 0.13753
6 1 2018 0 0 0.13753
6 2 2018 0 0 0.13753
6 3 2018 0 0 0.13753
6 4 2018 0 0 0.13753
6 5 2018 0 0 0.13753
6 6 2018 0 0 0.13753
6 7 2018 0 0 0.13753
6 8 2018 0 0 0.13753
6 9 2018 0 0 0.13753
6 10 2018 0 0 0.13753
6 11 2018 0 0 0.13753
6 12 2018 0 0 0.13753
6 13 2018 0 0 0.13753
6 14 2018 0 0 0.13753
6 15 2018 0 0 0.13753
6 16 2018 0 0 0.13753
6 17 2018 0 0 0.13753
6 18 2018 0 0 0.13753
6 19 2018 0 0 0.13753
6 20 2018 0 0 0.13753
6 21 2018 0 0 0.13753
6 22 2018 0 0 0.13753
6 23 2018 0 0 0.13753
6 24 2018 0 0 0.13753
6 25 2018 0 0 0.13753
6 26 2018 0 0 0.13753
6 27 2018 0 0 0.13753
6 28 2018 0 0 0.13753
6 29 2018 0 0 0.13753
6 30 2018 0 0 0.13753
7 1 2018 0 0 0.13753
7 2 2018 0 0 0.13753
7 3 2018 0 0 0.13753
7 4 2018 0 0 0.13753
7 5 2018 0 0 0.13753
7 6 2018 0 0 0.13753
7 7 2018 0 0 0.13753
7 8 2018 0 0 0.13753
7 9 2018 0 0 0.13753
7 10 2018 0 0 0.13753
7 11 2018 0 0 0.13753
7 12 2018 0 0 0.13753
7 13 2018 0 0 0.13753
7 14 2018 0 0 0.13753
7 15 2018 0 0 0.13753
7 16 2018 0 0 0.13753
7 17 2018 0 0 0.13753
7 18 2018 0 0 0.13753
7 19 2018 0 0 0.13753
7 20 2018 0 0 0.13753
7 21 2018 0 0 0.13753
7 22 2018 0 0 0.13753
7 23 2018 0 0 0.13753
7 24 2018 0 0 0.13753
7 25 2018 0 0 0.13753
7 26 2018 0 0 0.13753
7 27 2018 0 0 0.13753
7 28 2018 0 0 0.13753
7 29 2018 0 0 0.13753
7 30 2018 0 0 0.13753
7 31 2018 0 0 0.13753
8 1 2018 0 0 0.13753
8 2 2018 0 0 0.13753
8 3 2018 0 0 0.13753
8 4 2018 0 0 0.13753
8 5 2018 0 0 0.13753
8 6 2018 0 0 0.13753
8 7 2018 0 0 0.13753
8 8 2018 0 0 0.13753
8 9 2018 0 0 0.13753
8 10 2018 0 0 0.13753
8 11 2018 0 0 0.13753
8 12 2018 0 0 0.13753
8 13 2018 0 0 0.13753
8 14 2018 0 0 0.13753
8 15 2018 0 0 0.13753
8 16 2018 0 0 0.13753
8 17 2018 0 0 0.13753
8 18 2018 0 0 0.13753
8 19 2018 0 0 0.13753
8 20 2018 0 0 0.13753
8 21 2018 0 0 0.13753
8 22 2018 0 0 0.13753
8 23 2018 0 0 0.13753
8 24 2018 0 0 0.13753
8 25 2018 0 0 0.13753
8 26 2018 0 0 0.13753
8 27 2018 0 0 0.13753
8 28 2018 0 0 0.13753
8 29 2018 0 0 0.13753
8 30 2018 0 0 0.13753
8 31 2018 0 0 0.13753
9 1 2018 0 0 0.13753
9 2 2018 0 0 0.13753
9 3 2018 0 0 0.13753
9 4 2018 0 0 0.13753
9 5 2018 0 0 0.13753
9 6 2018 0 0 0.13753
9 7 2018 0 0 0.13753
9 8 2018 0 0 0.13753
9 9 2018 0 0 0.13753
9 10 2018 0 0 0.13753
9 11 2018 0 0 0.13753
9 12 2018 0 0 0.13753
9 13 2018 0 0 0.13753
9 14 2018 0 0 0.13753
9 15 2018 0 0 0.13753
9 16 2018 0 0 0.13753
9 17 2018 0 0 0.13753
9 18 2018 0 0 0.13753
9 19 2018 0 0 0.13753
9 20 2018 0 0 0.13753
9 21 2018 0 0 0.13753
9 22 2018 0 0 0.13753
9 23 2018 0 0 0.13753
9 24 2018 0 0 0.13753
9 25 2018 0 0 0.13753
9 26 2018 0 0 0.13753
9 27 2018 0 0 0.13753
9 28 2018 0 0 0.13753
9 29 2018 0 0 0.13753
9 30 2018 0 0 0.13753
10 1 2018 0 0 0.13753
10 2 2018 0 0 0.13753
10 3 2018 0 0 0.13753
10 4 2018 0 0 0.13753
10 5 2018 0 0 0.13753
10 6 2018 0 0 0.13753
10 7 2018 0 0 0.13753
10 8 2018 0 0 0.13753
10 9 2018 0 0 0.13753
10 10 2018 0 0 0.13753
10 11 2018 0 0 0.13753
10 12 2018 0 0 0.13753
10 13 2018 0 0 0.13753
10 14 2018 0 0 0.13753
10 15 2018 0 0 0.13753
10 16 2018 0 0 0.13753
10 17 2018 0 0 0.13753
10 18 2018 0 0 0.13753
10 19 2018 0 0 0.13753
10 20 2018 0 0 0.13753
10 21 2018 0 0 0.13753
10 22 2018 0 0 0.13753
10 23 2018 0 0 0.13753
10 24 2018 0 0 0.13753
10 25 2018 0 0 0.13753
10 26 2018 0 0 0.13753
10 27 2018 0 0 0.13753
10 28 2018 0 0 0.13753
10 29 2018 0 0 0.13753
10 30 2018 0 0 0.13753
10 31 2018 0 0 0.13753
11 1 2018 0 0 0.13753
11 2 2018 0 0 0.13753
11 3 2018 0 0 0.13753
11 4 2018 0 0 0.13753
11 5 2018 0 0 0.13753
11 6 2018 0 0 0.13753
11 7 2018 0 0 0.13753
11 8 2018 0 0 0.13753
11 9 2018 0 0 0.13753
11 10 2018 0 0 0.13753
11 11 2018 0 0 0.13753
11 12 2018 0 0 0.13753
11 13 2018 0 0 0.13753
11 14 2018 0 0 0.13753
11 15 2018 0 0 0.13753
11 16 2018 0 0 0.13753
11 17 2018 0 0 0.13753
11 18 2018 0 0 0.13753
11 19 2018 0 0 0.13753
11 20 2018 0 0 0.13753
11 21 2018 0 0 0.13753
11 22 2018 0 0 0.13753
11 23 2018 0 0 0.13753
11 24 2018 0 0 0.13753
11 25 2018 0 0 0.13753
11 26 2018 0 0 0.13753
11 27 2018 0 0 0.13753
11 28 2018 0 0 0.13753
11 29 2018 0 0 0.13753
11 30 2018 0 0 0.13753
12 1 2018 0 0 0.13753
12 2 2018 0 0 0.13753
12 3 2018 0 0 0.13753
12 4 2018 0 0 0.13753
12 5 2018 0 0 0.13753
12 6 2018 0 0 0.13753
12 7 2018 0 0 0.13753
12 8 2018 0 0 0.13753
12 9 2018 0 0 0.13753
12 10 2018 0 0 0.13753
12 11 2018 0 0 0.13753
12 12 2018 0 0 0.13753
12 13 2018 0 0 0.13753
12 14 2018 0 0 0.13753
12 15 2018 0 0 0.13753
12 16 2018 0 0 0.13753
12 17 2018 0 0 0.13753
12 18 2018 0 0 0.13753
12 19 2018 0 0 0.13753
12 20 2018 0 0 0.13753
12 21 2018 0 0 0.13753
12 22 2018 0 0 0.13753
12 23 2018 0 0 0.13753
12 24 2018 0 0 0.13753
12 25 2018 0 0 0.13753
12 26 2018 0 0 0.13753
12 27 2018 0 0 0.13753
12 28 2018 0 0 0.13753
12 29 2018 0 0 0.13753
12 30 2018 0 0 0.13753
12 31 2018 0 0 0.13753
