1 1 2018 92.9 0.05454 0.012397363
1 2 2018 90.9 0.0535 0.011899155
1 3 2018 89.4 0.05267 0.011521242
1 4 2018 89.3 0.05234 0.01143625
1 5 2018 84.7 0.05046 0.01045753
1 6 2018 84.3 0.05005 0.010323575
1 7 2018 84 0.0497 0.010214901
1 8 2018 94.9 0.05318 0.012348466
1 9 2018 108 0.05738 0.015162917
1 10 2018 101 0.05475 0.013530192
1 11 2018 266 0.11084 0.072140081
1 12 2018 922 0.37364 0.842913009
1 13 2018 832 0.33209 0.6760481
1 14 2018 450 0.17582 0.193588369
1 15 2018 348 0.13788 0.117402945
1 16 2018 277 0.11248 0.07623485
1 17 2018 238 0.09878 0.057523387
1 18 2018 202 0.08637 0.042688683
1 19 2018 183 0.07981 0.035736077
1 20 2018 185 0.08025 0.036325805
1 21 2018 200 0.08498 0.041585813
1 22 2018 297 0.11733 0.085263664
1 23 2018 657 0.25 0.4018869
1 24 2018 655 0.24867 0.39853197
1 25 2018 329 0.12755 0.102677393
1 26 2018 219 0.09031 0.048392541
1 27 2018 192 0.08134 0.038212361
1 28 2018 233 0.09465 0.053960381
1 29 2018 207 0.08601 0.043562998
1 30 2018 176 0.07587 0.032672414
1 31 2018 150 0.06745 0.024755499
2 1 2018 178 0.0764 0.033274523
2 2 2018 188 0.0796 0.036615873
2 3 2018 144 0.06544 0.023057077
2 4 2018 132 0.0616 0.01989542
2 5 2018 125 0.05937 0.018158315
2 6 2018 113 0.05556 0.015361696
2 7 2018 98.8 0.05105 0.012341023
2 8 2018 108 0.05402 0.014275023
2 9 2018 102 0.05215 0.013015263
2 10 2018 110 0.05477 0.014741236
2 11 2018 115 0.05644 0.0158812
2 12 2018 138 0.0639 0.021576372
2 13 2018 123 0.05918 0.0178106
2 14 2018 134 0.06283 0.020600147
2 15 2018 301 0.11823 0.087074834
2 16 2018 517 0.19598 0.247913838
2 17 2018 313 0.12289 0.09411511
2 18 2018 207 0.08734 0.044236627
2 19 2018 184 0.07996 0.035998888
2 20 2018 387 0.15004 0.142074616
2 21 2018 345 0.13551 0.114390224
2 22 2018 262 0.10702 0.068606412
2 23 2018 236 0.0985 0.056878313
2 24 2018 227 0.09578 0.053198472
2 25 2018 283 0.11548 0.079963479
2 26 2018 277 0.11384 0.077156608
2 27 2018 195 0.08597 0.041018522
2 28 2018 166 0.07647 0.031059728
3 1 2018 153 0.07239 0.027099949
3 2 2018 167 0.07751 0.031671795
3 3 2018 184 0.08375 0.037705188
3 4 2018 194 0.08764 0.041600885
3 5 2018 199 0.08985 0.043749151
3 6 2018 182 0.08435 0.03756254
3 7 2018 197 0.09011 0.043434786
3 8 2018 211 0.09562 0.049366196
3 9 2018 209 0.09545 0.048811336
3 10 2018 198 0.09205 0.044595132
3 11 2018 174 0.08394 0.035736884
3 12 2018 163 0.08049 0.032101698
3 13 2018 154 0.07773 0.029289224
3 14 2018 162 0.08117 0.032174294
3 15 2018 176 0.08688 0.037413725
3 16 2018 187 0.09158 0.041902576
3 17 2018 165 0.08398 0.033904574
3 18 2018 167 0.08533 0.034867169
3 19 2018 166 0.08558 0.034759926
3 20 2018 157 0.08278 0.031799738
3 21 2018 147 0.07957 0.028619706
3 22 2018 143 0.07864 0.027515538
3 23 2018 154 0.08354 0.031478473
3 24 2018 171 0.0909 0.038032815
3 25 2018 167 0.09005 0.036795835
3 26 2018 170 0.09199 0.038263792
3 27 2018 224 0.11479 0.062914471
3 28 2018 330 0.16072 0.1297724
3 29 2018 308 0.15252 0.114941268
3 30 2018 582 0.28093 0.400054883
3 31 2018 382 0.18836 0.176055873
4 1 2018 300 0.15305 0.112344822
4 2 2018 235 0.12574 0.072300249
4 3 2018 187.7 0.10625 0.048796838
4 4 2018 382 0.19531 0.182551882
4 5 2018 293 0.15553 0.111501386
4 6 2018 236 0.13093 0.075604848
4 7 2018 243 0.13538 0.080493212
4 8 2018 204 0.11879 0.059293696
4 9 2018 175 0.10667 0.045675027
4 10 2018 159 0.10037 0.039048065
4 11 2018 147 0.09581 0.034460902
4 12 2018 145 0.09584 0.03400269
4 13 2018 146 0.09727 0.034748034
4 14 2018 136 0.0935 0.031113509
4 15 2018 167 0.10937 0.044690288
4 16 2018 609 0.34613 0.515768728
4 17 2018 885 0.52143 1.129113908
4 18 2018 522 0.30237 0.386195914
4 19 2018 333 0.19999 0.162948732
4 20 2018 264 0.16526 0.106750556
4 21 2018 219 0.1433 0.07678719
4 22 2018 186 0.1275 0.058025862
4 23 2018 164 0.11729 0.047065568
4 24 2018 152 0.11219 0.041724987
4 25 2018 167 0.12141 0.04961002
4 26 2018 173 0.12597 0.053322648
4 27 2018 153 0.11639 0.043571807
4 28 2018 160 0.12152 0.047573622
4 29 2018 171 0.12899 0.053969777
4 30 2018 157 0.12248 0.047050398
5 1 2018 141 0.1147 0.039571362
5 2 2018 132 0.11078 0.035779459
5 3 2018 137 0.11489 0.038512461
5 4 2018 189 0.14684 0.067905453
5 5 2018 176 0.14065 0.060569066
5 6 2018 138 0.1193 0.040282647
5 7 2018 111.7 0.10462 0.028593437
5 8 2018 114 0.10722 0.029907432
5 9 2018 109 0.1053 0.028083636
5 10 2018 110 0.10707 0.028817676
5 11 2018 107 0.10634 0.02784062
5 12 2018 104 0.10558 0.026866647
5 13 2018 101 0.10479 0.025896417
5 14 2018 98.3 0.10416 0.025052609
5 15 2018 127 0.12426 0.038613
5 16 2018 120 0.12092 0.035504047
5 17 2018 105 0.1121 0.028800059
5 18 2018 95.6 0.10688 0.025000737
5 19 2018 115 0.12141 0.034162589
5 20 2018 115 0.1227 0.034525571
5 21 2018 105 0.11696 0.030048661
5 22 2018 193 0.18112 0.085530732
5 23 2018 194 0.18375 0.087222303
5 24 2018 126 0.13595 0.04191295
5 25 2018 103 0.12047 0.030360898
5 26 2018 95.3 0.116 0.027048885
5 27 2018 93.1 0.11554 0.026319675
5 28 2018 85.8 0.11117 0.023338523
5 29 2018 82.6 0.10983 0.022197267
5 30 2018 78.7 0.10791 0.020779491
5 31 2018 76.4 0.10718 0.020035749
6 1 2018 75.3 0.10736 0.01978044
6 2 2018 103 0.13055 0.032901263
6 3 2018 148 0.168 0.060837235
6 4 2018 211 0.2213 0.114251613
6 5 2018 129 0.15567 0.049135243
6 6 2018 101 0.13399 0.03311252
6 7 2018 87.8 0.1242 0.026681767
6 8 2018 81.9 0.12036 0.024119292
6 9 2018 76.4 0.11676 0.021826591
6 10 2018 74.5 0.11617 0.021176234
6 11 2018 71.9 0.11494 0.02022081
6 12 2018 69.7 0.11401 0.019443489
6 13 2018 76.8 0.12133 0.022799635
6 14 2018 74.8 0.12058 0.022068629
6 15 2018 71.9 0.11899 0.020933306
6 16 2018 68.5 0.11688 0.019589766
6 17 2018 66.4 0.11591 0.01883161
6 18 2018 66.9 0.11732 0.019204219
6 19 2018 71.3 0.12238 0.021350028
6 20 2018 67.9 0.12014 0.019959786
6 21 2018 66.1 0.11935 0.019302891
6 22 2018 64.8 0.11901 0.01886935
6 23 2018 66.5 0.12155 0.019777668
6 24 2018 85.6 0.14098 0.029527708
6 25 2018 89.2 0.1455 0.031756038
6 26 2018 71.7 0.12934 0.022690835
6 27 2018 89.8 0.14813 0.032547515
6 28 2018 93.5 0.1528 0.034956942
6 29 2018 78.6 0.13892 0.026716883
6 30 2018 67.2 0.12828 0.021092434
7 1 2018 63 0.12479 0.019236179
7 2 2018 62 0.12453 0.0188914
7 3 2018 61.3 0.12455 0.01868111
7 4 2018 58.2 0.12203 0.017377531
7 5 2018 112 0.17863 0.048952051
7 6 2018 156 0.22534 0.086012458
7 7 2018 72.6 0.13933 0.024750258
7 8 2018 62.1 0.12889 0.019584356
7 9 2018 59.4 0.12663 0.018404394
7 10 2018 56.7 0.12433 0.017248744
7 11 2018 57.6 0.1259 0.017743802
7 12 2018 55.6 0.12428 0.01690731
7 13 2018 54.4 0.1235 0.016438581
7 14 2018 53.9 0.12347 0.016283535
7 15 2018 54.5 0.12463 0.016619485
7 16 2018 73.2 0.14577 0.026108247
7 17 2018 66.2 0.13858 0.022446933
7 18 2018 55.6 0.12724 0.017309994
7 19 2018 53.4 0.12519 0.016357215
7 20 2018 52.3 0.12433 0.015910217
7 21 2018 51 0.12322 0.015376229
7 22 2018 115 0.19506 0.054886373
7 23 2018 98.6 0.17735 0.042786482
7 24 2018 166 0.25293 0.102732275
7 25 2018 164 0.25125 0.100820394
7 26 2018 123 0.20581 0.061939837
7 27 2018 90.7 0.16999 0.03772499
7 28 2018 67.2 0.1437 0.023627867
7 29 2018 64 0.14026 0.021964043
7 30 2018 62.5 0.13873 0.021215285
7 31 2018 63.8 0.14037 0.021912577
8 1 2018 60.2 0.13636 0.020085468
8 2 2018 57.3 0.13313 0.018665044
8 3 2018 56.6 0.13239 0.018334543
8 4 2018 70.2 0.14806 0.025431579
8 5 2018 61.3 0.13788 0.020680461
8 6 2018 57.9 0.13396 0.018978076
8 7 2018 117 0.20108 0.057564298
8 8 2018 115 0.19874 0.055921859
8 9 2018 148 0.23588 0.085418375
8 10 2018 72.7 0.15064 0.026796199
8 11 2018 62.7 0.13908 0.021336869
8 12 2018 58.6 0.13423 0.01924623
8 13 2018 57.2 0.13244 0.0185359
8 14 2018 502 0.6601 0.810796605
8 15 2018 626 0.82342 1.261229779
8 16 2018 223 0.3186 0.173839757
8 17 2018 126 0.20865 0.064326127
8 18 2018 173 0.26067 0.110340673
8 19 2018 127 0.20879 0.064880156
8 20 2018 79 0.15502 0.029964932
8 21 2018 67.3 0.14153 0.023305694
8 22 2018 72.2 0.14657 0.025892904
8 23 2018 62.3 0.13509 0.020592531
8 24 2018 57.1 0.12883 0.017999133
8 25 2018 52.7 0.12347 0.015921007
8 26 2018 50.5 0.12057 0.014898039
8 27 2018 49.7 0.11921 0.014496646
8 28 2018 50.9 0.12006 0.014952527
8 29 2018 56.6 0.12583 0.017426056
8 30 2018 63.5 0.13279 0.020631821
8 31 2018 58.6 0.12688 0.018192369
9 1 2018 56.9 0.12444 0.0173249
9 2 2018 54.9 0.12168 0.016345192
9 3 2018 52.4 0.11838 0.015177774
9 4 2018 51.6 0.1169 0.014759195
9 5 2018 55 0.11989 0.016134077
9 6 2018 53.5 0.11764 0.015399523
9 7 2018 51.2 0.11455 0.014350384
9 8 2018 46 0.10841 0.012201849
9 9 2018 44.6 0.1063 0.01160023
9 10 2018 250.7 0.31566 0.193629872
9 11 2018 111 0.17215 0.046755045
9 12 2018 63.1 0.12316 0.019015052
9 13 2018 55.7 0.11489 0.015657986
9 14 2018 51.6 0.10999 0.013886774
9 15 2018 50.2 0.10783 0.01324469
9 16 2018 49.1 0.10597 0.012731011
9 17 2018 47.9 0.10402 0.012191323
9 18 2018 47 0.10238 0.011773659
9 19 2018 47.8 0.10239 0.011975231
9 20 2018 46.2 0.10006 0.011310999
9 21 2018 49.1 0.10208 0.012263675
9 22 2018 54 0.10593 0.013996234
9 23 2018 45.9 0.09744 0.010943303
9 24 2018 44.1 0.09496 0.010246552
9 25 2018 83.8 0.13062 0.026782565
9 26 2018 185 0.22034 0.099738664
9 27 2018 89.3 0.13334 0.029134689
9 28 2018 61.1 0.10716 0.016020364
9 29 2018 54.5 0.10035 0.013381733
9 30 2018 56 0.10079 0.013810326
10 1 2018 56.1 0.09998 0.013723803
10 2 2018 173 0.19874 0.084125927
10 3 2018 159 0.18508 0.072003745
10 4 2018 176.7 0.19817 0.085678712
10 5 2018 104 0.13623 0.034666067
10 6 2018 184 0.20057 0.09029886
10 7 2018 247 0.25084 0.151597562
10 8 2018 135 0.15725 0.051942506
10 9 2018 91.6 0.12124 0.027173143
10 10 2018 75.5 0.10733 0.019827436
10 11 2018 91.9 0.11912 0.026785433
10 12 2018 76 0.10561 0.019638898
10 13 2018 70.3 0.10016 0.017228526
10 14 2018 65.5 0.09548 0.01530214
10 15 2018 61.3 0.09132 0.013696981
10 16 2018 58.3 0.08812 0.012570181
10 17 2018 57.4 0.08655 0.012155629
10 18 2018 58.4 0.08639 0.012344537
10 19 2018 57.9 0.08514 0.01206176
10 20 2018 58.1 0.08439 0.011996805
10 21 2018 57.3 0.08293 0.011626922
10 22 2018 55.3 0.08064 0.01091124
10 23 2018 63.4 0.08548 0.013260266
10 24 2018 65.9 0.0863 0.013915368
10 25 2018 56.6 0.079 0.010940622
10 26 2018 53.2 0.07584 0.009872075
10 27 2018 108 0.11148 0.029459081
10 28 2018 213 0.17927 0.093429859
10 29 2018 147 0.13428 0.048297777
10 30 2018 106 0.10665 0.027660829
10 31 2018 136 0.12444 0.041409252
11 1 2018 233 0.18448 0.10517286
11 2 2018 580 0.42016 0.596267543
11 3 2018 328 0.24144 0.193767769
11 4 2018 198 0.15692 0.076022467
11 5 2018 139.3 0.11988 0.040859808
11 6 2018 146 0.12251 0.04376459
11 7 2018 143 0.11943 0.041787649
11 8 2018 115 0.10192 0.028678453
11 9 2018 142 0.11629 0.040404449
11 10 2018 256 0.18075 0.11321833
11 11 2018 171 0.13012 0.054442572
11 12 2018 126 0.10369 0.031967295
11 13 2018 123 0.10094 0.030378539
11 14 2018 119 0.09769 0.028444319
11 15 2018 110 0.09182 0.024713169
11 16 2018 118 0.09509 0.027454613
11 17 2018 172 0.12253 0.051566701
11 18 2018 203 0.13756 0.068326107
11 19 2018 207 0.13821 0.070001651
11 20 2018 202 0.13417 0.066314006
11 21 2018 184 0.12357 0.055632598
11 22 2018 142 0.10123 0.035171918
11 23 2018 106 0.08242 0.021376517
11 24 2018 111 0.08401 0.022816679
11 25 2018 158 0.1059 0.040940347
11 26 2018 328 0.18898 0.151665975
11 27 2018 470 0.26133 0.300528455
11 28 2018 365 0.20392 0.182117281
11 29 2018 300 0.16953 0.124441801
11 30 2018 248 0.14285 0.086682294
12 1 2018 224 0.1302 0.071360433
12 2 2018 380 0.20342 0.189136661
12 3 2018 393 0.20783 0.199847748
12 4 2018 295 0.15914 0.114868207
12 5 2018 218 0.1226 0.065395134
12 6 2018 173 0.10162 0.04301538
12 7 2018 154 0.09247 0.034843362
12 8 2018 137 0.08436 0.028278451
12 9 2018 124 0.07811 0.023698824
12 10 2018 118 0.0749 0.021625308
12 11 2018 115 0.07299 0.020538072
12 12 2018 110 0.0703 0.018921104
12 13 2018 107 0.06847 0.017925966
12 14 2018 109 0.0687 0.018322372
12 15 2018 119 0.07213 0.021002034
12 16 2018 124 0.07352 0.022306203
12 17 2018 136 0.07765 0.025839187
12 18 2018 122 0.07156 0.021361347
12 19 2018 100 0.06246 0.015282713
12 20 2018 97.9 0.06116 0.014650372
12 21 2018 522 0.23358 0.29833529
12 22 2018 655 0.2921 0.468135233
12 23 2018 368 0.16486 0.148443637
12 24 2018 242 0.11377 0.06736613
12 25 2018 203 0.09813 0.04874121
12 26 2018 176 0.08737 0.037624737
12 27 2018 164 0.08235 0.033045013
12 28 2018 180 0.08767 0.038611972
12 29 2018 169 0.08309 0.034358479
12 30 2018 152 0.07643 0.028425356
12 31 2018 148 0.07452 0.026985659
