1 1 2018 241900 0.035 20512.9016
1 2 2018 259200 0.033 20947.06878
1 3 2018 225000 0.031 17286.642
1 4 2018 208700 0.030 15202.69545
1 5 2018 209400 0.028 14419.27203
1 6 2018 199900 0.027 12968.54334
1 7 2018 196000 0.025 11934.51168
1 8 2018 218200 0.023 12416.79693
1 9 2018 227100 0.022 12018.31108
1 10 2018 217200 0.020 10628.8992
1 11 2018 223500 0.020 10907.89994
1 12 2018 230300 0.020 11209.58601
1 13 2018 236300 0.020 11470.6552
1 14 2018 228100 0.020 11042.70551
1 15 2018 213700 0.020 10317.56575
1 16 2018 233800 0.020 11257.35978
1 17 2018 240500 0.020 11548.43723
1 18 2018 226400 0.020 10841.70089
1 19 2018 215400 0.020 10286.70548
1 20 2018 217900 0.019 10377.53419
1 21 2018 226700 0.019 10766.92057
1 22 2018 220400 0.019 10438.81779
1 23 2018 232000 0.019 10957.81903
1 24 2018 235200 0.019 11078.13168
1 25 2018 231000 0.019 10850.02875
1 26 2018 227100 0.019 10637.0785
1 27 2018 219000 0.019 10228.97848
1 28 2018 225700 0.019 10512.3354
1 29 2018 226700 0.019 10529.19647
1 30 2018 242300 0.019 11221.98604
1 31 2018 224200 0.019 10354.30707
2 1 2018 215100 0.019 9905.843584
2 2 2018 232700 0.019 10685.86158
2 3 2018 226700 0.019 10380.61891
2 4 2018 227100 0.019 10369.16701
2 5 2018 235500 0.019 10721.83391
2 6 2018 225300 0.019 10227.91674
2 7 2018 223200 0.019 10103.32656
2 8 2018 231000 0.018 10426.12065
2 9 2018 231300 0.018 10409.34259
2 10 2018 226700 0.018 10172.61032
2 11 2018 216800 0.018 9699.954103
2 12 2018 224600 0.018 10019.49744
2 13 2018 223900 0.018 9958.921667
2 14 2018 221800 0.018 9836.44185
2 15 2018 222500 0.018 9838.320643
2 16 2018 235900 0.018 10399.90931
2 17 2018 234800 0.018 10320.63735
2 18 2018 228500 0.018 10013.76931
2 19 2018 230300 0.018 10062.465
2 20 2018 240500 0.018 10476.60775
2 21 2018 247900 0.018 10766.47053
2 22 2018 236300 0.018 10231.70054
2 23 2018 240100 0.018 10364.76714
2 24 2018 235500 0.018 10135.32284
2 25 2018 240100 0.018 10301.82321
2 26 2018 249300 0.017 10663.88407
2 27 2018 239400 0.017 10209.02832
2 28 2018 245800 0.017 10449.73227
3 1 2018 228100 0.017 9667.350493
3 2 2018 254300 0.017 10744.42748
3 3 2018 246500 0.017 10382.55887
3 4 2018 242600 0.017 10186.49154
3 5 2018 245800 0.017 10288.63671
3 6 2018 237000 0.017 9889.222821
3 7 2018 252900 0.017 10519.52724
3 8 2018 273700 0.017 11576.05548
3 9 2018 268000 0.018 11522.33074
3 10 2018 254300 0.018 11111.09357
3 11 2018 244700 0.018 10862.70842
3 12 2018 251800 0.018 11353.92099
3 13 2018 252900 0.019 11580.3199
3 14 2018 256700 0.019 11933.77764
3 15 2018 247600 0.019 11683.81954
3 16 2018 249000 0.020 11923.95549
3 17 2018 253900 0.020 12336.10147
3 18 2018 249300 0.020 12286.88583
3 19 2018 235900 0.020 11791.37388
3 20 2018 223900 0.021 11348.08363
3 21 2018 232400 0.021 11941.36272
3 22 2018 245800 0.021 12801.72751
3 23 2018 252100 0.022 13306.0829
3 24 2018 246500 0.022 13182.83409
3 25 2018 232700 0.022 12607.48654
3 26 2018 237700 0.022 13044.55493
3 27 2018 244000 0.023 13560.86469
3 28 2018 250400 0.023 14091.61056
3 29 2018 244000 0.023 13902.01851
3 30 2018 252900 0.024 14585.89911
3 31 2018 255300 0.024 14902.79467
4 1 2018 262400 0.024 15500.68773
4 2 2018 261300 0.024 15618.37881
4 3 2018 249700 0.025 15099.5873
4 4 2018 292100 0.025 17867.757
4 5 2018 265900 0.024 15911.91791
4 6 2018 254600 0.024 14897.53055
4 7 2018 256000 0.023 14639.41413
4 8 2018 258900 0.023 14461.36399
4 9 2018 250700 0.022 13670.34151
4 10 2018 257400 0.022 13693.78884
4 11 2018 258200 0.021 13393.39171
4 12 2018 251100 0.021 12691.57257
4 13 2018 247900 0.020 12200.55574
4 14 2018 217200 0.020 10401.13707
4 15 2018 213300 0.019 9931.057858
4 16 2018 283600 0.018 12827.46784
4 17 2018 287800 0.018 12635.16335
4 18 2018 276200 0.017 11759.02718
4 19 2018 273700 0.017 11289.04584
4 20 2018 268000 0.016 10697.96887
4 21 2018 257400 0.016 9932.94539
4 22 2018 248600 0.015 9263.151367
4 23 2018 251800 0.015 9047.930839
4 24 2018 251400 0.014 8699.632354
4 25 2018 271200 0.014 9024.581376
4 26 2018 270500 0.013 8641.992737
4 27 2018 267300 0.013 8184.713781
4 28 2018 269100 0.012 7882.394163
4 29 2018 261000 0.011 7298.454857
4 30 2018 261300 0.011 6959.768801
5 1 2018 255300 0.010 6460.852299
5 2 2018 257400 0.010 6172.101936
5 3 2018 270500 0.009 6126.927017
5 4 2018 276500 0.009 5895.5646
5 5 2018 258900 0.008 5176.408135
5 6 2018 252900 0.008 4720.52735
5 7 2018 262400 0.007 4549.314267
5 8 2018 269100 0.007 4308.038815
5 9 2018 261300 0.006 3836.09304
5 10 2018 263400 0.006 4005.027103
5 11 2018 258900 0.006 4072.349057
5 12 2018 247900 0.007 4029.302854
5 13 2018 251400 0.007 4218.003566
5 14 2018 262000 0.007 4533.221314
5 15 2018 259900 0.007 4633.155617
5 16 2018 271200 0.008 4976.7912
5 17 2018 273000 0.008 5152.9608
5 18 2018 250700 0.008 4863.486883
5 19 2018 248600 0.008 4953.092194
5 20 2018 260300 0.008 5322.681334
5 21 2018 264900 0.009 5555.634171
5 22 2018 271900 0.009 5845.003226
5 23 2018 274700 0.009 6049.22364
5 24 2018 268000 0.009 6042.197829
5 25 2018 263400 0.009 6076.592846
5 26 2018 265600 0.010 6266.604343
5 27 2018 263400 0.010 6352.801611
5 28 2018 262700 0.010 6473.656054
5 29 2018 256400 0.010 6452.840777
5 30 2018 259600 0.011 6669.48744
5 31 2018 269800 0.011 7072.999714
6 1 2018 274400 0.011 7337.46384
6 2 2018 261300 0.011 7124.172789
6 3 2018 246800 0.011 6858.240583
6 4 2018 268400 0.012 7599.201531
6 5 2018 273000 0.012 7872.579
6 6 2018 262000 0.012 7692.7392
6 7 2018 267300 0.012 7792.295997
6 8 2018 265200 0.012 7675.457801
6 9 2018 248600 0.012 7142.880322
6 10 2018 240800 0.012 6868.265472
6 11 2018 253900 0.012 7188.663446
6 12 2018 256700 0.011 7214.103175
6 13 2018 267300 0.011 7455.937896
6 14 2018 259600 0.011 7186.712997
6 15 2018 254300 0.011 6986.655638
6 16 2018 250400 0.011 6826.991451
6 17 2018 252900 0.011 6842.112675
6 18 2018 262700 0.011 7052.152978
6 19 2018 257800 0.011 6866.545721
6 20 2018 259600 0.011 6860.044224
6 21 2018 249700 0.011 6546.063857
6 22 2018 235900 0.011 6134.812704
6 23 2018 246800 0.011 6366.517673
6 24 2018 252100 0.010 6450.366014
6 25 2018 257400 0.010 6531.991262
6 26 2018 250700 0.010 6309.388389
6 27 2018 255700 0.010 6381.596952
6 28 2018 262700 0.010 6501.203527
6 29 2018 252900 0.010 6205.637078
6 30 2018 252500 0.010 6142.866171
7 1 2018 258900 0.010 6244.268554
7 2 2018 255000 0.010 6096.726514
7 3 2018 255000 0.010 6043.246457
7 4 2018 259200 0.010 6088.421376
7 5 2018 259900 0.010 6050.356159
7 6 2018 251100 0.009 5792.833954
7 7 2018 237300 0.009 5424.702408
7 8 2018 250400 0.009 5671.654437
7 9 2018 257800 0.009 5785.199938
7 10 2018 257800 0.009 5731.132649
7 11 2018 253200 0.009 5575.76784
7 12 2018 249000 0.009 5483.2788
7 13 2018 249700 0.009 5498.69364
7 14 2018 243000 0.009 5351.1516
7 15 2018 243000 0.009 5351.1516
7 16 2018 251800 0.009 5544.93816
7 17 2018 243700 0.009 5366.56644
7 18 2018 247600 0.009 5452.44912
7 19 2018 244700 0.009 5388.58764
7 20 2018 245800 0.009 5412.81096
7 21 2018 234100 0.009 5155.16292
7 22 2018 239800 0.009 5280.68376
7 23 2018 245100 0.009 5397.39612
7 24 2018 250400 0.009 5514.10848
7 25 2018 249700 0.009 5498.69364
7 26 2018 252900 0.009 5569.16148
7 27 2018 253900 0.009 5591.18268
7 28 2018 249000 0.009 5483.2788
7 29 2018 242600 0.009 5342.34312
7 30 2018 242300 0.009 5335.73676
7 31 2018 248600 0.009 5474.47032
8 1 2018 254600 0.009 5606.59752
8 2 2018 251400 0.009 5536.12968
8 3 2018 243300 0.009 5357.75796
8 4 2018 238000 0.009 5241.0456
8 5 2018 235900 0.009 5194.80108
8 6 2018 247200 0.009 5443.64064
8 7 2018 255000 0.009 5615.406
8 8 2018 253900 0.009 5591.18268
8 9 2018 253200 0.009 5575.76784
8 10 2018 240500 0.009 5296.0986
8 11 2018 240500 0.009 5296.0986
8 12 2018 235900 0.009 5194.80108
8 13 2018 235200 0.009 5179.38624
8 14 2018 245100 0.009 5397.39612
8 15 2018 249000 0.009 5483.2788
8 16 2018 244700 0.009 5388.58764
8 17 2018 253900 0.009 5591.18268
8 18 2018 237700 0.009 5234.43924
8 19 2018 231300 0.009 5093.50356
8 20 2018 240100 0.009 5287.29012
8 21 2018 253200 0.009 5575.76784
8 22 2018 246800 0.009 5434.83216
8 23 2018 250000 0.009 5505.3
8 24 2018 244400 0.009 5381.98128
8 25 2018 240500 0.009 5296.0986
8 26 2018 241200 0.009 5311.51344
8 27 2018 246100 0.009 5419.41732
8 28 2018 244000 0.009 5373.1728
8 29 2018 246500 0.009 5428.2258
8 30 2018 243000 0.009 5351.1516
8 31 2018 240100 0.009 5287.29012
9 1 2018 235200 0.009 5179.38624
9 2 2018 239400 0.009 5271.87528
9 3 2018 240100 0.009 5287.29012
9 4 2018 240800 0.009 5302.70496
9 5 2018 240500 0.009 5296.0986
9 6 2018 243000 0.009 5351.1516
9 7 2018 232400 0.009 5117.72688
9 8 2018 217500 0.009 4789.611
9 9 2018 206600 0.009 4549.57992
9 10 2018 212900 0.009 4688.31348
9 11 2018 233800 0.009 5148.55656
9 12 2018 241600 0.009 5320.32192
9 13 2018 235200 0.009 5179.38624
9 14 2018 244400 0.009 5381.98128
9 15 2018 237000 0.009 5219.0244
9 16 2018 233800 0.009 5148.55656
9 17 2018 239800 0.009 5280.68376
9 18 2018 238000 0.009 5241.0456
9 19 2018 228800 0.009 5038.45056
9 20 2018 233100 0.009 5133.14172
9 21 2018 247600 0.009 5452.44912
9 22 2018 232400 0.009 5117.72688
9 23 2018 231000 0.009 5086.8972
9 24 2018 218200 0.009 4805.02584
9 25 2018 239400 0.009 5271.87528
9 26 2018 249700 0.009 5498.69364
9 27 2018 235200 0.009 5179.38624
9 28 2018 241200 0.009 5311.51344
9 29 2018 239100 0.009 5265.26892
9 30 2018 233100 0.009 5133.14172
10 1 2018 222800 0.009 4906.32336
10 2 2018 238000 0.009 5241.0456
10 3 2018 234100 0.009 5155.16292
10 4 2018 241200 0.009 5311.51344
10 5 2018 235500 0.009 5185.9926
10 6 2018 235200 0.009 5179.38624
10 7 2018 231700 0.009 5102.31204
10 8 2018 226700 0.009 4992.20604
10 9 2018 240100 0.009 5287.29012
10 10 2018 241200 0.011 6430.797881
10 11 2018 253600 0.013 7938.229175
10 12 2018 243700 0.015 8759.223385
10 13 2018 247200 0.017 10032.14999
10 14 2018 240800 0.018 10889.8462
10 15 2018 251100 0.020 12520.87464
10 16 2018 250000 0.022 13626.14483
10 17 2018 250000 0.024 14786.26552
10 18 2018 238700 0.026 15225.60955
10 19 2018 246800 0.028 16887.54361
10 20 2018 256000 0.030 18705.02665
10 21 2018 237300 0.032 18439.86946
10 22 2018 241900 0.034 19919.85441
10 23 2018 238000 0.036 20703.13415
10 24 2018 234100 0.037 21450.21813
10 25 2018 232000 0.039 22334.3904
10 26 2018 226700 0.041 22876.16254
10 27 2018 220400 0.043 23263.19568
10 28 2018 223200 0.045 24594.49112
10 29 2018 239400 0.047 27490.50673
10 30 2018 238400 0.049 28481.96696
10 31 2018 243000 0.051 30159.17243
11 1 2018 227800 0.053 29329.77473
11 2 2018 234800 0.055 31320.6262
11 3 2018 241900 0.056 33390.24776
11 4 2018 232000 0.058 33100.3104
11 5 2018 237000 0.060 34913.47357
11 6 2018 274700 0.062 41741.96083
11 7 2018 283200 0.064 44347.76064
11 8 2018 250400 0.063 38528.73893
11 9 2018 249000 0.062 37634.44053
11 10 2018 274700 0.061 40769.84695
11 11 2018 242600 0.060 35344.26369
11 12 2018 231300 0.058 33067.34851
11 13 2018 243000 0.057 34077.49241
11 14 2018 246800 0.056 33937.50749
11 15 2018 231300 0.055 31175.47576
11 16 2018 265600 0.054 35074.4166
11 17 2018 252100 0.053 32604.30909
11 18 2018 241900 0.052 30625.60989
11 19 2018 244700 0.051 30312.9438
11 20 2018 250400 0.050 30336.34919
11 21 2018 251400 0.048 29772.07517
11 22 2018 234500 0.047 27131.3418
11 23 2018 235200 0.046 26571.07354
11 24 2018 231000 0.045 25466.78376
11 25 2018 243300 0.044 26159.46585
11 26 2018 239100 0.043 25055.994
11 27 2018 273000 0.042 27864.1584
11 28 2018 277600 0.041 27576.80621
11 29 2018 252500 0.039 24394.94554
11 30 2018 244000 0.038 22908.47959
12 1 2018 222500 0.037 20283.27291
12 2 2018 237000 0.036 20958.93926
12 3 2018 270900 0.035 23218.27243
12 4 2018 249000 0.034 20662.3871
12 5 2018 263400 0.033 21139.17754
12 6 2018 269500 0.032 20893.95924
12 7 2018 245100 0.031 18334.01222
12 8 2018 241600 0.029 17413.49809
12 9 2018 233800 0.028 16213.86701
12 10 2018 238400 0.027 15882.89187
12 11 2018 254600 0.026 16268.03217
12 12 2018 242300 0.025 14821.491
12 13 2018 246100 0.025 15053.937
12 14 2018 243300 0.025 14882.661
12 15 2018 233400 0.025 14277.078
12 16 2018 232700 0.025 14234.259
12 17 2018 251800 0.025 15402.606
12 18 2018 239400 0.025 14644.098
12 19 2018 241200 0.025 14754.204
12 20 2018 237700 0.025 14540.109
12 21 2018 239100 0.025 14625.747
12 22 2018 259200 0.025 15855.264
12 23 2018 251400 0.025 15378.138
12 24 2018 258200 0.025 15794.094
12 25 2018 247600 0.025 15145.692
12 26 2018 246500 0.025 15078.405
12 27 2018 230300 0.025 14087.451
12 28 2018 247900 0.025 15164.043
12 29 2018 261300 0.025 15983.721
12 30 2018 252900 0.025 15469.893
12 31 2018 238700 0.025 14601.279
