1 1 2018 220 0.08047 0.043316679
1 2 2018 195 0.07806 0.037244456
1 3 2018 186 0.07726 0.035161397
1 4 2018 189 0.0776 0.035885748
1 5 2018 187 0.07747 0.035446522
1 6 2018 187 0.07752 0.0354694
1 7 2018 191 0.07797 0.036438406
1 8 2018 182 0.07719 0.034374066
1 9 2018 174 0.07652 0.03257787
1 10 2018 183 0.07742 0.03466592
1 11 2018 247 0.0839 0.05070577
1 12 2018 704 0.13645 0.235041565
1 13 2018 656 0.13086 0.210043491
1 14 2018 670 0.13268 0.217509754
1 15 2018 624 0.12735 0.194438388
1 16 2018 638 0.12916 0.201626303
1 17 2018 608 0.12575 0.187072541
1 18 2018 596 0.12447 0.181513705
1 19 2018 652 0.13131 0.209480629
1 20 2018 768 0.14549 0.273396428
1 21 2018 676 0.13454 0.222534111
1 22 2018 597 0.12524 0.182943028
1 23 2018 769 0.1462 0.275088341
1 24 2018 665 0.13377 0.21766011
1 25 2018 549 0.12003 0.161235483
1 26 2018 594 0.12559 0.182532406
1 27 2018 644 0.13181 0.207698184
1 28 2018 679 0.13626 0.226379257
1 29 2018 612 0.12833 0.192166681
1 30 2018 526 0.11818 0.152099645
1 31 2018 604 0.12777 0.188827092
2 1 2018 538 0.12 0.157965408
2 2 2018 413 0.1053 0.106408641
2 3 2018 409 0.105 0.105077826
2 4 2018 411 0.10542 0.106014021
2 5 2018 422 0.10689 0.110369227
2 6 2018 400 0.10447 0.102246878
2 7 2018 366 0.10065 0.090134974
2 8 2018 344 0.09826 0.082705363
2 9 2018 337 0.09762 0.08049468
2 10 2018 330 0.09698 0.078305919
2 11 2018 337 0.09798 0.080791525
2 12 2018 523 0.1205 0.154201006
2 13 2018 598 0.12997 0.190170336
2 14 2018 502 0.11838 0.145405396
2 15 2018 780 0.15338 0.292726344
2 16 2018 717 0.14568 0.255574524
2 17 2018 499 0.1187 0.144927145
2 18 2018 521 0.12165 0.155077328
2 19 2018 592 0.13075 0.189392107
2 20 2018 1120 0.19935 0.54630193
2 21 2018 985 0.18188 0.438348624
2 22 2018 881 0.16862 0.363482465
2 23 2018 828 0.16206 0.328325522
2 24 2018 807 0.15967 0.315279209
2 25 2018 844 0.16482 0.34036965
2 26 2018 763 0.15461 0.288642708
2 27 2018 697 0.14638 0.249639321
2 28 2018 635 0.13869 0.215485149
3 1 2018 573 0.13104 0.183720229
3 2 2018 537 0.12672 0.166501412
3 3 2018 489 0.12089 0.144643096
3 4 2018 458 0.11723 0.131371971
3 5 2018 407 0.11107 0.110608793
3 6 2018 381 0.10806 0.10073686
3 7 2018 362 0.10594 0.093835465
3 8 2018 353.3 0.1051 0.090854162
3 9 2018 341 0.1038 0.086606443
3 10 2018 323 0.1018 0.08045421
3 11 2018 319 0.10153 0.07924713
3 12 2018 312 0.10089 0.077019587
3 13 2018 301 0.09976 0.073471923
3 14 2018 295 0.09925 0.071639246
3 15 2018 291 0.09898 0.070475621
3 16 2018 309 0.1014 0.076664606
3 17 2018 289 0.09916 0.070118535
3 18 2018 305 0.10135 0.07563487
3 19 2018 323 0.10382 0.082050649
3 20 2018 307 0.10204 0.076649142
3 21 2018 300 0.10139 0.074424316
3 22 2018 291 0.10049 0.071550769
3 23 2018 290 0.10059 0.071375847
3 24 2018 294 0.1013 0.072871087
3 25 2018 293 0.1014 0.072694917
3 26 2018 297 0.10211 0.074203296
3 27 2018 338 0.10755 0.088945829
3 28 2018 378 0.11295 0.104466371
3 29 2018 389 0.11464 0.109114948
3 30 2018 745 0.16313 0.297364131
3 31 2018 567 0.13899 0.192825775
4 1 2018 652 0.15093 0.240780682
4 2 2018 640 0.14959 0.23425076
4 3 2018 626 0.14797 0.226645175
4 4 2018 905.7 0.18753 0.415579
4 5 2018 618.7 0.14755 0.223366378
4 6 2018 592 0.14417 0.208831052
4 7 2018 598 0.14529 0.212586352
4 8 2018 567 0.14129 0.196016647
4 9 2018 531 0.1366 0.177477659
4 10 2018 495 0.13191 0.159764907
4 11 2018 449 0.12587 0.138282443
4 12 2018 408 0.12053 0.120324424
4 13 2018 374 0.11617 0.106307539
4 14 2018 344 0.11237 0.094581739
4 15 2018 348 0.11312 0.096320142
4 16 2018 1440 0.27185 0.957834115
4 17 2018 1210 0.23742 0.7029123
4 18 2018 860 0.18602 0.391432213
4 19 2018 812 0.17937 0.356372603
4 20 2018 793 0.17693 0.343299473
4 21 2018 786 0.17622 0.338903625
4 22 2018 762 0.17304 0.322626435
4 23 2018 734 0.16928 0.304018619
4 24 2018 672 0.16059 0.264050043
4 25 2018 611 0.15208 0.227358809
4 26 2018 518 0.13907 0.176263215
4 27 2018 433 0.1273 0.134869818
4 28 2018 369 0.11861 0.107089316
4 29 2018 332 0.11372 0.092379032
4 30 2018 294 0.10876 0.078237507
5 1 2018 295 0.10906 0.078720162
5 2 2018 249 0.10313 0.062832283
5 3 2018 238 0.10186 0.059316989
5 4 2018 306 0.11103 0.08313047
5 5 2018 296 0.10984 0.079551928
5 6 2018 267 0.1061 0.069314663
5 7 2018 268 0.10638 0.069757877
5 8 2018 472 0.13495 0.155852352
5 9 2018 555 0.1471 0.199757975
5 10 2018 557 0.14758 0.201132
5 11 2018 550 0.14674 0.197473888
5 12 2018 545 0.14619 0.194945242
5 13 2018 545 0.14637 0.195185273
5 14 2018 548 0.14697 0.197064195
5 15 2018 563 0.14932 0.205695527
5 16 2018 562 0.14933 0.205343922
5 17 2018 571 0.15081 0.210700089
5 18 2018 576 0.1517 0.213799427
5 19 2018 616 0.15774 0.237750271
5 20 2018 636 0.16085 0.250309108
5 21 2018 624 0.15922 0.243097606
5 22 2018 664 0.1653 0.268558811
5 23 2018 667 0.16589 0.270735068
5 24 2018 666 0.16587 0.270296577
5 25 2018 675 0.16734 0.276377071
5 26 2018 681 0.16836 0.280533352
5 27 2018 668 0.16652 0.272170679
5 28 2018 653 0.16439 0.262655832
5 29 2018 633 0.16151 0.250150629
5 30 2018 604 0.15728 0.232438953
5 31 2018 561 0.15099 0.207257148
6 1 2018 526 0.1459 0.187775751
6 2 2018 505 0.14288 0.176547386
6 3 2018 506 0.14309 0.177156982
6 4 2018 483.3 0.13983 0.16535435
6 5 2018 470 0.13793 0.158618948
6 6 2018 470 0.13797 0.158664948
6 7 2018 468 0.13772 0.157703503
6 8 2018 463 0.13703 0.155236957
6 9 2018 463 0.13706 0.155270943
6 10 2018 460 0.13664 0.153792146
6 11 2018 459 0.13652 0.153323045
6 12 2018 458 0.13639 0.152843326
6 13 2018 464 0.13728 0.155856071
6 14 2018 459 0.13655 0.153356738
6 15 2018 458 0.13641 0.152865739
6 16 2018 459 0.13655 0.153356738
6 17 2018 468 0.13785 0.157852366
6 18 2018 474 0.13872 0.160885126
6 19 2018 471 0.13826 0.159336742
6 20 2018 471 0.13823 0.159302168
6 21 2018 468 0.13777 0.157760758
6 22 2018 465 0.13729 0.156203345
6 23 2018 468 0.13769 0.157669149
6 24 2018 468 0.13764 0.157611894
6 25 2018 460 0.13642 0.15354453
6 26 2018 455 0.13564 0.151007198
6 27 2018 457 0.13587 0.151928149
6 28 2018 457 0.1358 0.151849876
6 29 2018 454 0.1353 0.150297626
6 30 2018 456 0.13552 0.151205193
7 1 2018 457 0.13558 0.151603875
7 2 2018 458 0.13564 0.15200285
7 3 2018 455 0.13512 0.150428285
7 4 2018 451 0.13445 0.148366489
7 5 2018 447 0.13377 0.146306871
7 6 2018 442 0.13295 0.143783511
7 7 2018 436 0.13198 0.140796898
7 8 2018 430 0.13101 0.137838765
7 9 2018 425 0.13017 0.135362481
7 10 2018 406.7 0.12743 0.126807321
7 11 2018 415 0.12851 0.130491881
7 12 2018 412 0.12796 0.128994122
7 13 2018 406 0.12697 0.1261321
7 14 2018 405 0.1267 0.125553872
7 15 2018 401 0.12601 0.123636828
7 16 2018 396 0.12516 0.121271629
7 17 2018 389 0.12403 0.118052399
7 18 2018 382 0.1229 0.114871877
7 19 2018 381 0.12261 0.114300818
7 20 2018 380 0.12232 0.113731179
7 21 2018 383 0.12259 0.11488208
7 22 2018 411 0.12636 0.127072013
7 23 2018 392 0.12353 0.118483256
7 24 2018 338 0.11588 0.095834892
7 25 2018 162 0.09316 0.03692691
7 26 2018 159 0.09271 0.03606801
7 27 2018 384 0.12174 0.114383398
7 28 2018 395 0.12309 0.118964762
7 29 2018 397 0.12318 0.119654539
7 30 2018 398 0.12314 0.119916983
7 31 2018 401 0.12336 0.121036736
8 1 2018 401 0.12316 0.120840503
8 2 2018 399 0.12269 0.119778959
8 3 2018 402 0.12291 0.120895948
8 4 2018 406 0.12326 0.122446583
8 5 2018 401 0.12237 0.120065381
8 6 2018 399 0.12188 0.118988178
8 7 2018 409 0.12305 0.123141205
8 8 2018 407 0.12256 0.122051082
8 9 2018 412 0.12303 0.124024279
8 10 2018 416 0.12336 0.125564295
8 11 2018 411 0.12245 0.123139981
8 12 2018 410 0.12209 0.122479223
8 13 2018 410 0.12187 0.122258522
8 14 2018 413 0.12205 0.123334991
8 15 2018 413 0.12182 0.12310257
8 16 2018 430 0.12389 0.130347642
8 17 2018 407 0.12055 0.120049428
8 18 2018 437 0.12436 0.132972129
8 19 2018 423 0.12224 0.12651796
8 20 2018 427 0.12253 0.128017335
8 21 2018 433 0.12309 0.130409473
8 22 2018 396 0.11791 0.114246866
8 23 2018 260 0.10008 0.063667693
8 24 2018 179 0.09029 0.039544961
8 25 2018 379 0.11495 0.106597411
8 26 2018 378 0.11459 0.105983191
8 27 2018 378 0.11436 0.105770466
8 28 2018 381 0.11451 0.106749749
8 29 2018 386 0.11492 0.108537895
8 30 2018 385 0.11455 0.107908162
8 31 2018 386 0.11445 0.108093996
9 1 2018 382 0.11369 0.106263496
9 2 2018 381 0.11331 0.105631072
9 3 2018 383 0.11334 0.106213679
9 4 2018 385 0.11335 0.10677774
9 5 2018 383 0.11285 0.105754489
9 6 2018 396 0.11428 0.11072964
9 7 2018 385 0.11262 0.106090067
9 8 2018 390 0.11302 0.107849561
9 9 2018 394 0.11328 0.109206361
9 10 2018 412 0.11534 0.116272132
9 11 2018 400 0.11356 0.111143443
9 12 2018 397 0.11293 0.109697898
9 13 2018 407 0.11395 0.113476834
9 14 2018 406 0.11358 0.112830463
9 15 2018 404 0.11308 0.111780394
9 16 2018 403 0.11271 0.111138868
9 17 2018 399 0.11197 0.10931331
9 18 2018 396 0.11135 0.107890667
9 19 2018 396 0.1111 0.107648434
9 20 2018 399 0.11124 0.108600631
9 21 2018 405 0.11175 0.11073911
9 22 2018 400 0.11088 0.108520474
9 23 2018 403 0.11102 0.109472426
9 24 2018 405 0.11103 0.110025623
9 25 2018 412 0.11166 0.112562391
9 26 2018 438 0.11464 0.122859505
9 27 2018 418 0.11192 0.114467568
9 28 2018 409 0.11058 0.110661962
9 29 2018 408 0.11023 0.110041992
9 30 2018 406 0.10975 0.109025738
10 1 2018 412 0.11025 0.111140996
10 2 2018 426 0.11174 0.116470714
10 3 2018 416 0.11029 0.11226075
10 4 2018 411 0.10945 0.110066729
10 5 2018 406 0.10863 0.107913129
10 6 2018 420 0.1101 0.113144926
10 7 2018 414 0.10915 0.110566243
10 8 2018 409 0.10833 0.108410294
10 9 2018 411 0.10836 0.108970587
10 10 2018 404 0.1073 0.106066823
10 11 2018 399 0.1065 0.103973096
10 12 2018 394 0.10569 0.101889303
10 13 2018 396 0.10572 0.102435576
10 14 2018 390 0.10482 0.100024695
10 15 2018 389 0.1045 0.099463643
10 16 2018 388 0.10419 0.098913652
10 17 2018 391 0.10435 0.09983152
10 18 2018 390 0.10404 0.099280378
10 19 2018 390 0.10385 0.09909907
10 20 2018 391 0.10379 0.099295768
10 21 2018 389 0.10337 0.098388104
10 22 2018 388 0.10307 0.09785037
10 23 2018 391 0.10324 0.098769584
10 24 2018 393 0.1033 0.099332495
10 25 2018 427 0.1071 0.111896324
10 26 2018 390 0.10261 0.097915798
10 27 2018 389 0.10233 0.097398226
10 28 2018 396 0.10298 0.0997807
10 29 2018 403 0.10362 0.102175579
10 30 2018 406 0.10382 0.103134871
10 31 2018 406 0.10365 0.102965993
11 1 2018 419 0.105 0.107646966
11 2 2018 638 0.13069 0.204014722
11 3 2018 534 0.11814 0.154360684
11 4 2018 473 0.11083 0.128267593
11 5 2018 452 0.10823 0.119697358
11 6 2018 478 0.1111 0.129939271
11 7 2018 535 0.11762 0.15396905
11 8 2018 511 0.11466 0.143361095
11 9 2018 496 0.11277 0.136859115
11 10 2018 516 0.11496 0.14514261
11 11 2018 503 0.11331 0.139455195
11 12 2018 493 0.11202 0.135126634
11 13 2018 497 0.11236 0.136636457
11 14 2018 516 0.11443 0.144473459
11 15 2018 486 0.11084 0.13180481
11 16 2018 471 0.109 0.125616265
11 17 2018 464 0.10809 0.12271622
11 18 2018 440 0.10523 0.113289776
11 19 2018 402 0.10082 0.099167923
11 20 2018 351 0.095 0.081588546
11 21 2018 317 0.09117 0.070714698
11 22 2018 220 0.08082 0.043505083
11 23 2018 179 0.07678 0.033627889
11 24 2018 135 0.07303 0.024123124
11 25 2018 163 0.07523 0.030003861
11 26 2018 180 0.0767 0.033780521
11 27 2018 303 0.08923 0.066153373
11 28 2018 291 0.08788 0.062572212
11 29 2018 232 0.08163 0.04633789
11 30 2018 316 0.09048 0.069958123
12 1 2018 334 0.0924 0.075512163
12 2 2018 517 0.11296 0.142893903
12 3 2018 478 0.10845 0.12683991
12 4 2018 411 0.10083 0.101398157
12 5 2018 391 0.09855 0.094282667
12 6 2018 392 0.09863 0.094600531
12 7 2018 369 0.09604 0.086711558
12 8 2018 359 0.0949 0.083360274
12 9 2018 340 0.09279 0.077193114
12 10 2018 313 0.08983 0.068796162
12 11 2018 312.3 0.08975 0.068581174
12 12 2018 245 0.08259 0.049509897
12 13 2018 230 0.08105 0.045612022
12 14 2018 183 0.07647 0.034240544
12 15 2018 234 0.08145 0.046634295
12 16 2018 188 0.07693 0.035387677
12 17 2018 186 0.07675 0.034929293
12 18 2018 184 0.07657 0.034472672
12 19 2018 176 0.07585 0.032663801
12 20 2018 162 0.07463 0.029581959
12 21 2018 550 0.11654 0.15683254
12 22 2018 402 0.09971 0.098076112
12 23 2018 312 0.08979 0.06854583
12 24 2018 310 0.0896 0.067962317
12 25 2018 282 0.08662 0.059767592
12 26 2018 329 0.09175 0.073858493
12 27 2018 313 0.09004 0.06895699
12 28 2018 321 0.09095 0.071434204
12 29 2018 308 0.08958 0.067508778
12 30 2018 292 0.0879 0.062801526
12 31 2018 218 0.08022 0.042789541
