1/1/2016 245 0.11587 0.069460125
1/2/2016 188 0.10916 0.050213425
1/3/2016 138 0.10662 0.036001139
1/4/2016 117 0.10738 0.030740274
1/5/2016 101 0.10934 0.027020844
1/6/2016 112 0.10766 0.029503319
1/7/2016 115 0.10727 0.030183847
1/8/2016 107 0.10811 0.02830402
1/9/2016 109 0.10777 0.028742388
1/10/2016 142 0.10602 0.036836183
1/11/2016 200 0.10951 0.053589814
1/12/2016 181 0.10774 0.0477149
1/13/2016 166 0.10667 0.043326026
1/14/2016 148 0.10591 0.038352807
1/15/2016 134 0.10584 0.034701888
1/16/2016 132 0.10586 0.034190409
1/17/2016 137 0.10577 0.035455331
1/18/2016 118 0.10653 0.030757597
1/19/2016 133 0.10582 0.03443641
1/20/2016 125 0.1061 0.032450685
1/21/2016 126 0.10606 0.032697959
1/22/2016 119 0.1065 0.03100952
1/23/2016 114 0.10695 0.02983212
1/24/2016 109 0.10755 0.028683714
1/25/2016 118 0.10668 0.030800906
1/26/2016 127 0.10621 0.033004078
1/27/2016 186 0.10828 0.049278748
1/28/2016 190 0.1087 0.05053376
1/29/2016 187 0.10851 0.049648924
1/30/2016 150 0.10638 0.039043588
1/31/2016 168 0.10727 0.044094664
2/1/2016 199 0.10992 0.053521499
2/2/2016 203 0.11044 0.054855592
2/3/2016 241 0.11514 0.067895617
2/4/2016 298 0.12378 0.090253741
2/5/2016 245 0.11594 0.069502088
2/6/2016 175 0.10842 0.04642436
2/7/2016 145 0.10719 0.038029511
2/8/2016 135 0.10733 0.035453031
2/9/2016 130 0.10759 0.034222658
2/10/2016 120 0.10824 0.031780996
2/11/2016 100 0.11089 0.027132565
2/12/2016 89.8 0.11346 0.024929731
2/13/2016 85.7 0.11491 0.024095565
2/14/2016 84.4 0.11556 0.023864286
2/15/2016 86 0.11522 0.024245145
2/16/2016 91.5 0.11379 0.025475556
2/17/2016 98 0.11247 0.026968776
2/18/2016 99.6 0.11237 0.027384713
2/19/2016 108 0.11123 0.029393017
2/20/2016 244 0.11877 0.07090797
2/21/2016 631 0.19717 0.304416836
2/22/2016 559 0.18062 0.247045028
2/23/2016 376 0.14209 0.130722345
2/24/2016 467 0.16098 0.183944698
2/25/2016 1240 0.37528 1.138611529
2/26/2016 775 0.23629 0.448069638
2/27/2016 385 0.14525 0.136828115
2/28/2016 265 0.12418 0.08051856
2/29/2016 256 0.12313 0.077126268
3/1/2016 252 0.12286 0.07575469
3/2/2016 206 0.11708 0.059013097
3/3/2016 152 0.11312 0.042070866
3/4/2016 143 0.11324 0.039621815
3/5/2016 133 0.11361 0.036971466
3/6/2016 132 0.11397 0.036809757
3/7/2016 147 0.1143 0.041111378
3/8/2016 174 0.11601 0.049390469
3/9/2016 181 0.11693 0.051784883
3/10/2016 193 0.11843 0.055926483
3/11/2016 353 0.14436 0.124686677
3/12/2016 309 0.13651 0.103209914
3/13/2016 222 0.12302 0.066823185
3/14/2016 196 0.12028 0.057683016
3/15/2016 218 0.12331 0.06577385
3/16/2016 203 0.12187 0.060532878
3/17/2016 203 0.12229 0.060741492
3/18/2016 184 0.1207 0.054340492
3/19/2016 147 0.11883 0.042740727
3/20/2016 125 0.11953 0.036558251
3/21/2016 118 0.12045 0.034776613
3/22/2016 114 0.12127 0.033826472
3/23/2016 118 0.12131 0.035024914
3/24/2016 228 0.12863 0.07175887
3/25/2016 475 0.17853 0.207492922
3/26/2016 381 0.15792 0.147217888
3/27/2016 251 0.13358 0.08203773
3/28/2016 189 0.12563 0.05809699
3/29/2016 191 0.12632 0.059034237
3/30/2016 160 0.12421 0.048626724
3/31/2016 168 0.12519 0.051460902
4/1/2016 249.7 0.1359 0.083030274
4/2/2016 293 0.14409 0.103299908
4/3/2016 251 0.13719 0.084254799
4/4/2016 204 0.13079 0.065283462
4/5/2016 188 0.12944 0.059542193
4/6/2016 204.7 0.13189 0.06605842
4/7/2016 232 0.13629 0.077366054
4/8/2016 218 0.13476 0.071881307
4/9/2016 168 0.12967 0.053302461
4/10/2016 124 0.1295 0.039290714
4/11/2016 275.4 0.14594 0.098341482
4/12/2016 319 0.15513 0.121083495
4/13/2016 216 0.13718 0.072500837
4/14/2016 114 0.1325 0.036958914
4/15/2016 89.2 0.13858 0.030245717
4/16/2016 76.4 0.14503 0.027111258
4/17/2016 68 0.15143 0.025195287
4/18/2016 61.1 0.15857 0.023706133
4/19/2016 58.2 0.16258 0.023152003
4/20/2016 58.5 0.16287 0.023312853
4/21/2016 58.9 0.16304 0.023496757
4/22/2016 62.7 0.15945 0.02446192
4/23/2016 132 0.13608 0.043950792
4/24/2016 108 0.13884 0.036689081
4/25/2016 125 0.1375 0.042054375
4/26/2016 190 0.14103 0.065563719
4/27/2016 207 0.14381 0.072837982
4/28/2016 179 0.14095 0.061732886
4/29/2016 129 0.1395 0.044031389
4/30/2016 114 0.14131 0.039416333
5/1/2016 116 0.14163 0.040198673
5/2/2016 141 0.14095 0.048627581
5/3/2016 150 0.14168 0.051999394
5/4/2016 152 0.14231 0.052927024
5/5/2016 115 0.14399 0.040516194
5/6/2016 111 0.14511 0.039411121
5/7/2016 103 0.14716 0.037087322
5/8/2016 101 0.1482 0.036624192
5/9/2016 98.2 0.14949 0.035918823
5/10/2016 94.3 0.15122 0.034891481
5/11/2016 91.1 0.1529 0.034081942
5/12/2016 89.7 0.154 0.033799606
5/13/2016 99.3 0.15146 0.036799818
5/14/2016 102 0.15133 0.037767973
5/15/2016 94.5 0.154 0.03560828
5/16/2016 88.7 0.15668 0.034004442
5/17/2016 87.6 0.15771 0.033803511
5/18/2016 84.5 0.1597 0.03301871
5/19/2016 82.8 0.16112 0.032642113
5/20/2016 81.5 0.16238 0.032380878
5/21/2016 80.1 0.16374 0.032091186
5/22/2016 76.4 0.16662 0.031147196
5/23/2016 75.3 0.16795 0.030943787
5/24/2016 75.2 0.16858 0.031018612
5/25/2016 71.6 0.17189 0.03011356
5/26/2016 71.5 0.17254 0.030185217
5/27/2016 72.2 0.17253 0.03047897
5/28/2016 72.4 0.17292 0.030632487
5/29/2016 69.8 0.17567 0.030002089
5/30/2016 67 0.17886 0.029321521
5/31/2016 65.1 0.1814 0.028894604
6/1/2016 61.8 0.18579 0.028093722
6/2/2016 64.6 0.18304 0.028931903
6/3/2016 67.8 0.18023 0.029898903
6/4/2016 61.7 0.18756 0.028315476
6/5/2016 68 0.18107 0.030126861
6/6/2016 69.2 0.18042 0.030548455
6/7/2016 63.1 0.1874 0.028933263
6/8/2016 57.67 0.19527 0.027553955
6/9/2016 61.3 0.19066 0.028596872
6/10/2016 61 0.19155 0.028589757
6/11/2016 61.3 0.19164 0.028743861
6/12/2016 58.2 0.19648 0.027979491
6/13/2016 58 0.19725 0.027992615
6/14/2016 59.9 0.19494 0.028571054
6/15/2016 59.5 0.19595 0.028527302
6/16/2016 59.2 0.19683 0.028510936
6/17/2016 59.9 0.19626 0.028764517
6/18/2016 59.6 0.1971 0.028742951
6/19/2016 59.3 0.19795 0.028721603
6/20/2016 52.5 0.20994 0.026968263
6/21/2016 69.3 0.1868 0.031674413
6/22/2016 62.5 0.19473 0.029779085
6/23/2016 61.4 0.19652 0.029523891
6/24/2016 61.5 0.19673 0.029603576
6/25/2016 61.5 0.19707 0.029654739
6/26/2016 48.8 0.22036 0.02631183
6/27/2016 70.5 0.1876 0.032360887
6/28/2016 63.1 0.19592 0.030248692
6/29/2016 68.2 0.1904 0.031772383
6/30/2016 57.8 0.20398 0.02884788
7/1/2016 62.6 0.19736 0.030229568
7/2/2016 58.4 0.20356 0.029087324
7/3/2016 57.2 0.20571 0.028790546
7/4/2016 56.6 0.20694 0.028658889
7/5/2016 54.8 0.21031 0.028199341
7/6/2016 52 0.21599 0.027481185
7/7/2016 56.6 0.20755 0.028743367
7/8/2016 58.7 0.20433 0.029347338
7/9/2016 65 0.19599 0.031170642
7/10/2016 58.1 0.20558 0.029225064
7/11/2016 57 0.2075 0.028939527
7/12/2016 43.5 0.23918 0.025457315
7/13/2016 53.6 0.21383 0.028043479
7/14/2016 64.7 0.1969 0.031170837
7/15/2016 60.2 0.2029 0.029886634
7/16/2016 57.2 0.20761 0.029056464
7/17/2016 56.8 0.20832 0.028951947
7/18/2016 56.9 0.20818 0.028983427
7/19/2016 62.4 0.20001 0.030537591
7/20/2016 60.1 0.20321 0.029882575
7/21/2016 42.5 0.24303 0.025272447
7/22/2016 54.7 0.21204 0.028379425
7/23/2016 62 0.20047 0.03041162
7/24/2016 52 0.21728 0.027645317
7/25/2016 78.9 0.18392 0.035506219
7/26/2016 75.1 0.18665 0.034297811
7/27/2016 38 0.26031 0.024203207
7/28/2016 32.7 0.2887 0.023098991
7/29/2016 51.5 0.21783 0.027448802
7/30/2016 52.5 0.21559 0.027694045
7/31/2016 62.8 0.1986 0.030516685
8/1/2016 69.3 0.19106 0.032396753
8/2/2016 69.3 0.19089 0.032367927
8/3/2016 67.5 0.19256 0.031803017
8/4/2016 56.7 0.20686 0.028698424
8/5/2016 64.3 0.19578 0.030801919
8/6/2016 76 0.18427 0.03426626
8/7/2016 63.8 0.19593 0.030585817
8/8/2016 66 0.19309 0.031181872
8/9/2016 62.1 0.19758 0.030021546
8/10/2016 68.8 0.18958 0.031913867
8/11/2016 64 0.1946 0.030473426
8/12/2016 46.1 0.22756 0.025668195
8/13/2016 69.9 0.18763 0.032090607
8/14/2016 59.9 0.19907 0.02917636
8/15/2016 70.9 0.18605 0.032275604
8/16/2016 68.3 0.18822 0.031454656
8/17/2016 68 0.18817 0.031308176
8/18/2016 66.1 0.18983 0.030701867
8/19/2016 63.7 0.19223 0.029961191
8/20/2016 65.5 0.18973 0.030407154
8/21/2016 98.7 0.16844 0.040678119
8/22/2016 85.7 0.17331 0.036341506
8/23/2016 68.4 0.18544 0.031035446
8/24/2016 65.1 0.18852 0.030028725
8/25/2016 73.5 0.18001 0.032372962
8/26/2016 75.5 0.17803 0.032888087
8/27/2016 70.6 0.18162 0.03137378
8/28/2016 72.9 0.17918 0.031960645
8/29/2016 121 0.161 0.047666111
8/30/2016 79.7 0.17336 0.033806927
8/31/2016 104 0.16297 0.04147052
9/1/2016 91.9 0.16631 0.03739662
9/2/2016 74.7 0.1754 0.032058903
9/3/2016 67.4 0.18129 0.029897317
9/4/2016 68.2 0.17998 0.030033579
9/5/2016 67.9 0.17974 0.029861594
9/6/2016 68 0.17912 0.029802415
9/7/2016 54.4 0.19638 0.026139341
9/8/2016 83.2 0.16693 0.033982568
9/9/2016 68.1 0.17738 0.029556311
9/10/2016 58.6 0.18798 0.026953039
9/11/2016 91.4 0.16161 0.03614206
9/12/2016 72.3 0.17201 0.030429195
9/13/2016 68.1 0.17512 0.029179734
9/14/2016 51.9 0.19656 0.024960942
9/15/2016 75.7 0.16777 0.031074822
9/16/2016 82 0.16329 0.032762114
9/17/2016 66.3 0.17452 0.02831113
9/18/2016 81.3 0.16256 0.032337222
9/19/2016 72.6 0.16775 0.029798721
9/20/2016 68.5 0.1706 0.028593549
9/21/2016 67.9 0.17055 0.028334788
9/22/2016 65.7 0.17207 0.027661072
9/23/2016 66.4 0.17075 0.027741329
9/24/2016 65.1 0.17143 0.027306516
9/25/2016 64.1 0.17186 0.026954502
9/26/2016 65.2 0.17007 0.027131498
9/27/2016 67.7 0.16702 0.027666589
9/28/2016 66 0.168 0.027130118
9/29/2016 66.4 0.16697 0.027127202
9/30/2016 67.3 0.16549 0.027251179
10/1/2016 67.8 0.16441 0.027274475
10/2/2016 67.2 0.16432 0.027018309
10/3/2016 66.8 0.16405 0.026813356
10/4/2016 70.33 0.16036 0.027595301
10/5/2016 66 0.16352 0.026406649
10/6/2016 66.8 0.16213 0.026499539
10/7/2016 67.1 0.16122 0.026469145
10/8/2016 65.6 0.16198 0.025999423
10/9/2016 63 0.16395 0.02527263
10/10/2016 59.9 0.1668 0.024446762
10/11/2016 61.9 0.16383 0.024813187
10/12/2016 61.1 0.16407 0.02452838
10/13/2016 62.3 0.16209 0.024708293
10/14/2016 59.9 0.16415 0.024058369
10/15/2016 59.4 0.16409 0.023848827
10/16/2016 59.9 0.16283 0.023864905
10/17/2016 58.5 0.16387 0.023455991
10/18/2016 57.3 0.16474 0.023096818
10/19/2016 55.6 0.16637 0.022633321
10/20/2016 61.1 0.15886 0.023749487
10/21/2016 97.6 0.13714 0.032750085
10/22/2016 117 0.13316 0.038120459
10/23/2016 75.6 0.14506 0.02683292
10/24/2016 65.3 0.15215 0.024309924
10/25/2016 60.8 0.15601 0.023208896
10/26/2016 58 0.15863 0.022511881
10/27/2016 60 0.15565 0.022850665
10/28/2016 64 0.15092 0.023633348
10/29/2016 59.2 0.15531 0.02249674
10/30/2016 57.1 0.15722 0.021965565
10/31/2016 56.8 0.15698 0.021816804
11/1/2016 55.9 0.15751 0.021543607
11/2/2016 56.27 0.15641 0.021534753
11/3/2016 109 0.12797 0.034129753
11/4/2016 103 0.12852 0.032389662
11/5/2016 82.4 0.13433 0.02708312
11/6/2016 74.6 0.13783 0.025158286
11/7/2016 65.5 0.14379 0.023044562
11/8/2016 62.3 0.14615 0.022278469
11/9/2016 61.3 0.14658 0.021985364
11/10/2016 58.7 0.14879 0.021370285
11/11/2016 55.2 0.15246 0.02059176
11/12/2016 54.6 0.15269 0.020398663
11/13/2016 55.6 0.15082 0.020517867
11/14/2016 55.8 0.15002 0.020482447
11/15/2016 56.1 0.1491 0.020466283
11/16/2016 58 0.14631 0.020763496
11/17/2016 57.7 0.14613 0.020630686
11/18/2016 58 0.14528 0.020617324
11/19/2016 57.8 0.145 0.020506631
11/20/2016 50.4 0.1544 0.01904041
11/21/2016 68.8 0.13415 0.02258279
11/22/2016 54.5 0.14748 0.019666546
11/23/2016 52.5 0.14969 0.019228728
11/24/2016 56 0.14463 0.019817318
11/25/2016 56.9 0.14309 0.019921408
11/26/2016 57 0.14252 0.019876922
11/27/2016 56.4 0.14275 0.019699431
11/28/2016 59.5 0.13893 0.020226068
11/29/2016 54.8 0.14379 0.01928003
11/30/2016 71.8 0.12836 0.022550316
12/1/2016 105 0.11661 0.029958742
12/2/2016 102 0.11679 0.029147701
12/3/2016 101 0.11664 0.02882487
12/4/2016 89.2 0.11923 0.026022491
12/5/2016 78.6 0.12291 0.023637864
12/6/2016 67.37 0.12905 0.02127272
12/7/2016 77 0.123 0.023173643
12/8/2016 70.2 0.12645 0.02171973
12/9/2016 63.1 0.13132 0.020274899
12/10/2016 58.8 0.13495 0.019415505
12/11/2016 54.9 0.1389 0.018658343
12/12/2016 52.7 0.14134 0.018225279
12/13/2016 50.5 0.14407 0.017801779
12/14/2016 49.9 0.14462 0.017657425
12/15/2016 48.2 0.14696 0.017331839
12/16/2016 37.4 0.17076 0.015626302
12/17/2016 34.6 0.17966 0.015209886
12/18/2016 56.1 0.13531 0.018573392
12/19/2016 54.2 0.13724 0.018200297
12/20/2016 50.9 0.1413 0.017597802
12/21/2016 49.9 0.14248 0.017396141
12/22/2016 49.4 0.14296 0.01727985
12/23/2016 49.5 0.14255 0.017265171
12/24/2016 50.5 0.14082 0.017400198
12/25/2016 71.8 0.12093 0.021245011
12/26/2016 79.5 0.11692 0.022743349
12/27/2016 146 0.10763 0.038448966
12/28/2016 127 0.10768 0.033460871
12/29/2016 110 0.10887 0.029302143
12/30/2016 83 0.11486 0.023326274
12/31/2016 70.6 0.12056 0.020826026
