1/1/2016 6180 0.18206 2.752970041
1/2/2016 5610 0.15593 2.14038063
1/3/2016 4970 0.12985 1.579053391
1/4/2016 4500 0.11258 1.239573348
1/5/2016 4350 0.10708 1.139714546
1/6/2016 4030 0.09652 0.951745498
1/7/2016 3680 0.08587 0.773192715
1/8/2016 2690 0.06083 0.40037649
1/9/2016 2050 0.04784 0.23996257
1/10/2016 2620 0.05879 0.376880115
1/11/2016 5100 0.12999 1.622103613
1/12/2016 4950 0.12402 1.502088073
1/13/2016 4420 0.10563 1.142373239
1/14/2016 3940 0.09064 0.873805131
1/15/2016 3090 0.06805 0.514499647
1/16/2016 2820 0.06165 0.42538352
1/17/2016 3600 0.08026 0.706968605
1/18/2016 2800 0.06076 0.41626919
1/19/2016 2600 0.05633 0.358353434
1/20/2016 2500 0.05413 0.33111321
1/21/2016 2400 0.05199 0.305301917
1/22/2016 2300 0.04994 0.281044342
1/23/2016 2200 0.04796 0.258166762
1/24/2016 2100 0.04606 0.236669177
1/25/2016 2000 0.04424 0.216492864
1/26/2016 1900 0.04249 0.197532611
1/27/2016 1700 0.03933 0.163595495
1/28/2016 2200 0.04726 0.25439869
1/29/2016 2300 0.04891 0.275247872
1/30/2016 2000 0.04362 0.213458832
1/31/2016 2100 0.04517 0.232096108
2/1/2016 2200 0.04677 0.251761039
2/2/2016 3620 0.07699 0.681932458
2/3/2016 4780 0.11009 1.287580053
2/4/2016 6540 0.17658 2.825645874
2/5/2016 6560 0.17711 2.842794027
2/6/2016 5230 0.12448 1.592941183
2/7/2016 4000 0.08617 0.843363024
2/8/2016 3260 0.06745 0.538019512
2/9/2016 2590 0.05317 0.336949562
2/10/2016 2330 0.04826 0.275132383
2/11/2016 2190 0.04575 0.245151009
2/12/2016 1320 0.03326 0.10742235
2/13/2016 951 0.02994 0.06966759
2/14/2016 787 0.0292 0.056228443
2/15/2016 787 0.02917 0.056170674
2/16/2016 704 0.02909 0.050108898
2/17/2016 607 0.02941 0.043679956
2/18/2016 1070 0.03066 0.08027021
2/19/2016 2060 0.04326 0.21804805
2/20/2016 1980 0.04197 0.203330548
2/21/2016 2490 0.0507 0.308891372
2/22/2016 4820 0.10895 1.284910105
2/23/2016 4750 0.10674 1.240564302
2/24/2016 4470 0.09821 1.074142019
2/25/2016 9150 0.31184 6.981542525
2/26/2016 10900 0.43791 11.67911225
2/27/2016 8870 0.29445 6.390482506
2/28/2016 8790 0.28969 6.230470595
2/29/2016 11000 0.4466 12.02014968
3/1/2016 10900 0.43878 11.70231525
3/2/2016 9450 0.33239 7.685608001
3/3/2016 8300 0.26162 5.313094073
3/4/2016 7700 0.22918 4.317833705
3/5/2016 7040 0.19671 3.388422597
3/6/2016 6080 0.15507 2.306905678
3/7/2016 5067 0.11792 1.461964566
3/8/2016 4180 0.09073 0.927952326
3/9/2016 3900 0.08319 0.793842239
3/10/2016 3860 0.08226 0.776916744
3/11/2016 4630 0.10451 1.183960765
3/12/2016 6760 0.18573 3.072042549
3/13/2016 6150 0.15966 2.402534941
3/14/2016 4800 0.1105 1.29778272
3/15/2016 3840 0.0825 0.77514624
3/16/2016 3340 0.0701 0.572879071
3/17/2016 3180 0.06652 0.517580412
3/18/2016 2870 0.05983 0.420145166
3/19/2016 2350 0.04967 0.285601507
3/20/2016 2240 0.04781 0.262038578
3/21/2016 1980 0.0435 0.210742884
3/22/2016 1890 0.04218 0.195059385
3/23/2016 1840 0.04152 0.18692769
3/24/2016 1780 0.04072 0.177347979
3/25/2016 2170 0.04725 0.250876521
3/26/2016 2230 0.04847 0.264469963
3/27/2016 2310 0.05009 0.28311409
3/28/2016 2150 0.04736 0.249142963
3/29/2016 1970 0.04443 0.214161308
3/30/2016 2370 0.05175 0.300093903
3/31/2016 2280 0.05023 0.280218302
4/1/2016 2030 0.04593 0.228134494
4/2/2016 2190 0.04894 0.262244598
4/3/2016 2570 0.05652 0.35541336
4/4/2016 2523 0.05579 0.34440709
4/5/2016 2440 0.05432 0.324300829
4/6/2016 2460 0.05495 0.330751084
4/7/2016 2850 0.06353 0.443018831
4/8/2016 3740 0.08637 0.790374634
4/9/2016 4540 0.11134 1.236817272
4/10/2016 4170 0.09989 1.019193253
4/11/2016 3150 0.07181 0.55346983
4/12/2016 3320 0.07646 0.621113329
4/13/2016 5160 0.13575 1.713909996
4/14/2016 5490 0.14947 2.007820346
4/15/2016 4940 0.1287 1.55562161
4/16/2016 4530 0.11465 1.270781059
4/17/2016 3810 0.09209 0.858491344
4/18/2016 2330 0.05534 0.315495775
4/19/2016 1210 0.03712 0.109898511
4/20/2016 783 0.03402 0.065177026
4/21/2016 1430 0.04033 0.141111605
4/22/2016 1680 0.04435 0.182306174
4/23/2016 1510 0.04192 0.154880483
4/24/2016 1540 0.04259 0.160482186
4/25/2016 1270 0.03904 0.121314301
4/26/2016 1540 0.04306 0.16225318
4/27/2016 1800 0.04762 0.209729909
4/28/2016 1850 0.04878 0.220806572
4/29/2016 1490 0.04301 0.156802933
4/30/2016 1580 0.04466 0.172653059
5/1/2016 1490 0.04349 0.158552885
5/2/2016 2600 0.06587 0.419043862
5/3/2016 7467 0.27145 4.959460883
5/4/2016 6990 0.24401 4.173335239
5/5/2016 5380 0.16218 2.134902489
5/6/2016 3650 0.09693 0.865664383
5/7/2016 2670 0.06956 0.454432419
5/8/2016 2540 0.06675 0.414842706
5/9/2016 2280 0.06102 0.340412518
5/10/2016 1970 0.05469 0.263616519
5/11/2016 1770 0.05107 0.221175795
5/12/2016 1640 0.04898 0.196544593
5/13/2016 1710 0.05056 0.211544456
5/14/2016 1640 0.04958 0.198952244
5/15/2016 1860 0.05411 0.246257207
5/16/2016 1740 0.05207 0.221684484
5/17/2016 1560 0.04906 0.187262412
5/18/2016 1410 0.04682 0.161528438
5/19/2016 1360 0.04631 0.154103379
5/20/2016 1350 0.04644 0.153399679
5/21/2016 1290 0.04581 0.144593401
5/22/2016 1290 0.0461 0.145508749
5/23/2016 1250 0.04579 0.140048715
5/24/2016 1320 0.04713 0.152219343
5/25/2016 1230 0.04607 0.138650613
5/26/2016 1200 0.04594 0.13488719
5/27/2016 1100 0.0449 0.120847452
5/28/2016 1110 0.04531 0.123059604
5/29/2016 1200 0.0468 0.137412288
5/30/2016 1650 0.05493 0.221764495
5/31/2016 1470 0.05181 0.186350001
6/1/2016 1190 0.04753 0.138392721
6/2/2016 1230 0.04841 0.145692993
6/3/2016 1110 0.04702 0.127703875
6/4/2016 943 0.04544 0.104845184
6/5/2016 1090 0.04734 0.126256348
6/6/2016 1070 0.04738 0.124044441
6/7/2016 1177 0.0491 0.141402285
6/8/2016 1080 0.04808 0.127053516
6/9/2016 933 0.04675 0.106723911
6/10/2016 1010 0.04781 0.118151323
6/11/2016 709 0.04633 0.080372413
6/12/2016 767 0.04662 0.087491549
6/13/2016 586 0.04772 0.068422119
6/14/2016 547 0.04863 0.065086373
6/15/2016 444 0.05194 0.056426536
6/16/2016 331 0.05994 0.048544855
6/17/2016 498 0.05065 0.061717349
6/18/2016 582 0.04919 0.07004841
6/19/2016 288 0.06648 0.04684702
6/20/2016 380 0.05706 0.053053475
6/21/2016 427 0.05456 0.057003393
6/22/2016 1060 0.05187 0.134530447
6/23/2016 904 0.05042 0.111524361
6/24/2016 385 0.05798 0.054618204
6/25/2016 457 0.0544 0.060829405
6/26/2016 532 0.05235 0.068143869
6/27/2016 234 0.08103 0.046393824
6/28/2016 264 0.07422 0.047942795
6/29/2016 163 0.11484 0.045801453
6/30/2016 186 0.10099 0.045961034
7/1/2016 149 0.12792 0.046636204
7/2/2016 115 0.17547 0.0493741
7/3/2016 85.6 0.26489 0.055480172
7/4/2016 483 0.05595 0.066121956
7/5/2016 449 0.05759 0.063269134
7/6/2016 392.3 0.0611 0.058648646
7/7/2016 250 0.08083 0.049443711
7/8/2016 379 0.06267 0.058116222
7/9/2016 276 0.07586 0.051229532
7/10/2016 377 0.06339 0.0584737
7/11/2016 340 0.06716 0.05587121
7/12/2016 284 0.07536 0.052367001
7/13/2016 374 0.06446 0.058987552
7/14/2016 217 0.09355 0.049670896
7/15/2016 192 0.10495 0.049303999
7/16/2016 344 0.06812 0.05733655
7/17/2016 299 0.07433 0.054379323
7/18/2016 269 0.08018 0.05277361
7/19/2016 341 0.06923 0.05776266
7/20/2016 185 0.11085 0.050177139
7/21/2016 323 0.07192 0.056839555
7/22/2016 128 0.1671 0.052334116
7/23/2016 224 0.09414 0.051596552
7/24/2016 233 0.09141 0.052113243
7/25/2016 226 0.09404 0.052001938
7/26/2016 186 0.11248 0.051190188
7/27/2016 75.7 0.35105 0.06502245
7/28/2016 123 0.17881 0.053814014
7/29/2016 544 0.0597 0.079464234
7/30/2016 234 0.09271 0.053081222
7/31/2016 258 0.08613 0.054371664
8/1/2016 261 0.08561 0.054671813
8/2/2016 353.3 0.07085 0.061246597
8/3/2016 363 0.07003 0.062199834
8/4/2016 334 0.07339 0.059976598
8/5/2016 357 0.07093 0.061957894
8/6/2016 231 0.09521 0.05381372
8/7/2016 251 0.08931 0.054849451
8/8/2016 292 0.08032 0.057385877
8/9/2016 396 0.06797 0.065858362
8/10/2016 250 0.09004 0.055077468
8/11/2016 153 0.1427 0.053421229
8/12/2016 122 0.18639 0.055639204
8/13/2016 170 0.1279 0.053200772
8/14/2016 315 0.07721 0.05950899
8/15/2016 486 0.06348 0.075486912
8/16/2016 638 0.06015 0.093897663
8/17/2016 341 0.07395 0.061700833
8/18/2016 392 0.069 0.066181046
8/19/2016 249 0.09118 0.055551707
8/20/2016 250 0.09094 0.055627998
8/21/2016 570 0.06133 0.085535479
8/22/2016 487 0.06372 0.075928217
8/23/2016 335 0.0749 0.061393882
8/24/2016 532 0.06226 0.081043693
8/25/2016 444 0.06572 0.071396841
8/26/2016 410 0.0678 0.068016146
8/27/2016 370 0.07105 0.064322702
8/28/2016 370 0.07103 0.064304595
8/29/2016 372 0.07081 0.064451942
8/30/2016 336 0.07466 0.061379838
8/31/2016 365 0.07139 0.063757124
9/1/2016 401 0.06825 0.066964634
9/2/2016 391 0.06897 0.065983516
9/3/2016 368 0.07092 0.063857957
9/4/2016 303 0.07908 0.058628362
9/5/2016 261 0.0875 0.055878795
9/6/2016 315 0.07701 0.059354841
9/7/2016 88.5 0.28668 0.062078203
9/8/2016 221 0.09945 0.053776871
9/9/2016 364 0.07074 0.063003534
9/10/2016 369 0.07014 0.063327246
9/11/2016 346 0.07239 0.061284853
9/12/2016 294 0.07964 0.057289767
9/13/2016 220 0.09893 0.053253623
9/14/2016 327 0.07427 0.059423694
9/15/2016 269 0.08411 0.055360294
9/16/2016 311 0.07618 0.057969537
9/17/2016 295 0.07859 0.056726734
9/18/2016 482 0.06195 0.073061203
9/19/2016 1190 0.06317 0.183931584
9/20/2016 1750 0.07642 0.327222798
9/21/2016 616 0.05828 0.087841294
9/22/2016 485 0.06116 0.07257845
9/23/2016 379 0.06711 0.062233599
9/24/2016 406 0.06486 0.064431976
9/25/2016 354 0.06901 0.059774198
9/26/2016 372 0.06707 0.061047758
9/27/2016 367 0.0673 0.060433758
9/28/2016 301 0.07506 0.055280699
9/29/2016 316 0.07257 0.056110311
9/30/2016 191 0.10696 0.049986558
10/1/2016 380 0.06523 0.06064981
10/2/2016 407 0.06301 0.062748357
10/3/2016 382 0.06457 0.060352133
10/4/2016 401 0.06292 0.061735015
10/5/2016 447 0.06002 0.06564505
10/6/2016 440 0.06012 0.064724711
10/7/2016 517 0.05694 0.072028849
10/8/2016 792 0.05436 0.105342374
10/9/2016 720 0.05401 0.095149201
10/10/2016 816 0.054 0.107815795
10/11/2016 696 0.05358 0.091245283
10/12/2016 470 0.05724 0.065825771
10/13/2016 473 0.05686 0.065806148
10/14/2016 208 0.09315 0.047407239
10/15/2016 417 0.05895 0.060147605
10/16/2016 272 0.07444 0.049542023
10/17/2016 358 0.06262 0.054852265
10/18/2016 604 0.05248 0.077558471
10/19/2016 574 0.05264 0.073930943
10/20/2016 998 0.05308 0.129616392
10/21/2016 1800 0.06873 0.302703415
10/22/2016 5040 0.20173 2.487708539
10/23/2016 6730 0.3134 5.160746518
10/24/2016 6142 0.26898 4.042297501
10/25/2016 5000 0.19632 2.40177888
10/26/2016 4350 0.16119 1.71563866
10/27/2016 4150 0.15075 1.530748665
10/28/2016 3890 0.13813 1.314728523
10/29/2016 4090 0.14634 1.464484672
10/30/2016 3820 0.13358 1.248542338
10/31/2016 3470 0.11844 1.005602502
11/1/2016 2590 0.08669 0.549372908
11/2/2016 2294 0.07734 0.434106265
11/3/2016 2100 0.07155 0.367643934
11/4/2016 2890 0.09486 0.670778965
11/5/2016 3030 0.09906 0.734411424
11/6/2016 2110 0.07057 0.364335126
11/7/2016 1680 0.05981 0.245856421
11/8/2016 1440 0.05456 0.192236268
11/9/2016 1300 0.05172 0.164513045
11/10/2016 1200 0.04981 0.14625013
11/11/2016 1250 0.05029 0.153811965
11/12/2016 1100 0.04781 0.128679659
11/13/2016 1130 0.04792 0.132493241
11/14/2016 925 0.04533 0.102594936
11/15/2016 1000 0.04577 0.111990036
11/16/2016 976 0.04525 0.108060475
11/17/2016 847 0.04396 0.091104445
11/18/2016 795 0.04345 0.084519201
11/19/2016 897 0.04374 0.09599966
11/20/2016 1010 0.04448 0.109922001
11/21/2016 1150 0.04588 0.129098062
11/22/2016 1010 0.04393 0.108562803
11/23/2016 712 0.04202 0.07320395
11/24/2016 874 0.04225 0.09035176
11/25/2016 1170 0.04502 0.128881275
11/26/2016 1120 0.0441 0.120852346
11/27/2016 1630 0.05196 0.207231237
11/28/2016 1430 0.04809 0.168263255
11/29/2016 1140 0.04353 0.121420493
11/30/2016 1060 0.04232 0.109761491
12/1/2016 1380 0.0464 0.156673498
12/2/2016 1930 0.05629 0.265819618
12/3/2016 2050 0.05851 0.293482649
12/4/2016 1780 0.05259 0.229045437
12/5/2016 1850 0.05365 0.242851017
12/6/2016 1440 0.04594 0.161864628
12/7/2016 1690 0.04995 0.206547845
12/8/2016 1980 0.0553 0.267909919
12/9/2016 2470 0.06592 0.398393848
12/10/2016 1940 0.05383 0.255519813
12/11/2016 1500 0.04553 0.167104206
12/12/2016 1390 0.04355 0.148115815
12/13/2016 1250 0.04133 0.126407805
12/14/2016 1420 0.04349 0.151104091
12/15/2016 1380 0.04265 0.144011308
12/16/2016 1060 0.03843 0.099672355
12/17/2016 1170 0.0394 0.112792586
12/18/2016 1830 0.04931 0.220792626
12/19/2016 3610 0.09249 0.816959361
12/20/2016 5780 0.17468 2.470412599
12/21/2016 6240 0.19583 2.989938707
12/22/2016 6140 0.18983 2.85188291
12/23/2016 5520 0.16021 2.163850091
12/24/2016 4290 0.11168 1.172279497
12/25/2016 3310 0.08096 0.655687592
12/26/2016 3150 0.07624 0.587613701
12/27/2016 4100 0.10363 1.039603724
12/28/2016 5580 0.15858 2.165115576
12/29/2016 5600 0.15863 2.17356095
12/30/2016 4760 0.12461 1.45130376
12/31/2016 4120 0.10217 1.029956971
