1/1/2016 175 0.08369 0.035835221
1/2/2016 138 0.07011 0.02367323
1/3/2016 118 0.0627 0.018102894
1/4/2016 102 0.05678 0.014170789
1/5/2016 79.33 0.04859 0.009431545
1/6/2016 68 0.04439 0.007385715
1/7/2016 74 0.04625 0.008374173
1/8/2016 68 0.04395 0.007312506
1/9/2016 84.4 0.04936 0.01019333
1/10/2016 201 0.08873 0.043638017
1/11/2016 204 0.08936 0.044603794
1/12/2016 127 0.06299 0.019573739
1/13/2016 90 0.05038 0.011094281
1/14/2016 82 0.04751 0.009532292
1/15/2016 82.8 0.0476 0.009643524
1/16/2016 119 0.05939 0.017292539
1/17/2016 127 0.06183 0.019213277
1/18/2016 94 0.05081 0.011686259
1/19/2016 76 0.04474 0.008319707
1/20/2016 78 0.04527 0.008639798
1/21/2016 78.1 0.04518 0.008633676
1/22/2016 68 0.04176 0.006948129
1/23/2016 62 0.03969 0.006021037
1/24/2016 62 0.03961 0.0060089
1/25/2016 72 0.0428 0.007540059
1/26/2016 96.8 0.05074 0.012017781
1/27/2016 123 0.05907 0.017777495
1/28/2016 110 0.05483 0.014757385
1/29/2016 102 0.0522 0.013027742
1/30/2016 88.8 0.04791 0.010409685
1/31/2016 86 0.04697 0.009883653
2/1/2016 103 0.05239 0.013203349
2/2/2016 100 0.0514 0.012576552
2/3/2016 343 0.1312 0.110109915
2/4/2016 275 0.10814 0.072764162
2/5/2016 171 0.0741 0.031003647
2/6/2016 128 0.06034 0.018897909
2/7/2016 111 0.05494 0.014921418
2/8/2016 103 0.05242 0.013210909
2/9/2016 98.2 0.05093 0.012237244
2/10/2016 93 0.04931 0.011220609
2/11/2016 79.3 0.04496 0.008723645
2/12/2016 68 0.04135 0.006879912
2/13/2016 63.7 0.04002 0.006237564
2/14/2016 54 0.0369 0.004875494
2/15/2016 56 0.03763 0.005156093
2/16/2016 58 0.03837 0.005445256
2/17/2016 58 0.03846 0.005458028
2/18/2016 58 0.03856 0.005472219
2/19/2016 62 0.03999 0.006066547
2/20/2016 141 0.06602 0.022776821
2/21/2016 202 0.08639 0.042698569
2/22/2016 191 0.08299 0.038784447
2/23/2016 169 0.07594 0.031401889
2/24/2016 411 0.16074 0.161645738
2/25/2016 672 0.26308 0.432569185
2/26/2016 533 0.20835 0.271718486
2/27/2016 329 0.13268 0.106807028
2/28/2016 300 0.12287 0.090191495
2/29/2016 633 0.25135 0.389297013
3/1/2016 512 0.20371 0.255200066
3/2/2016 297 0.12349 0.089740134
3/3/2016 206 0.09175 0.046245743
3/4/2016 170 0.07965 0.033130895
3/5/2016 147 0.07206 0.025918512
3/6/2016 137 0.06897 0.023119544
3/7/2016 141 0.07076 0.024412115
3/8/2016 173 0.08249 0.03491772
3/9/2016 204 0.09411 0.046974743
3/10/2016 230 0.10416 0.058617498
3/11/2016 315 0.1367 0.105360431
3/12/2016 221 0.10215 0.055236877
3/13/2016 168 0.08326 0.034225055
3/14/2016 160 0.08087 0.031659635
3/15/2016 148 0.07699 0.027880112
3/16/2016 153 0.07938 0.029716729
3/17/2016 149 0.07845 0.028600768
3/18/2016 138 0.07487 0.025280484
3/19/2016 128 0.07163 0.022433828
3/20/2016 117 0.06797 0.019458153
3/21/2016 113 0.06696 0.018513663
3/22/2016 111 0.0667 0.018115373
3/23/2016 118 0.06997 0.020201906
3/24/2016 162 0.0879 0.034841943
3/25/2016 189 0.09945 0.045990175
3/26/2016 154 0.08614 0.032458172
3/27/2016 131 0.07755 0.024857164
3/28/2016 139 0.08148 0.027711772
3/29/2016 148 0.08589 0.031103036
3/30/2016 129 0.07876 0.024859586
3/31/2016 122 0.07653 0.02284494
4/1/2016 124 0.07806 0.023683654
4/2/2016 121 0.07749 0.022941906
4/3/2016 130 0.08207 0.026105154
4/4/2016 137 0.08588 0.028787972
4/5/2016 135 0.08581 0.028344588
4/6/2016 142 0.08972 0.031172819
4/7/2016 168 0.10223 0.042022909
4/8/2016 159 0.09914 0.038569545
4/9/2016 137 0.09007 0.030192509
4/10/2016 120 0.08314 0.024411234
4/11/2016 128 0.08768 0.027460534
4/12/2016 153 0.10029 0.037544605
4/13/2016 138 0.09418 0.031800668
4/14/2016 125 0.08892 0.027196182
4/15/2016 120 0.08741 0.025664975
4/16/2016 114 0.08538 0.023815487
4/17/2016 111 0.08479 0.023028523
4/18/2016 106 0.08318 0.021573631
4/19/2016 101 0.08153 0.020148248
4/20/2016 95.5 0.07959 0.018597748
4/21/2016 92.4 0.07883 0.017822227
4/22/2016 96.1 0.08159 0.019184867
4/23/2016 90.6 0.07956 0.017636867
4/24/2016 87.1 0.07855 0.016740284
4/25/2016 85.3 0.07842 0.016367198
4/26/2016 188 0.13512 0.062154984
4/27/2016 163 0.12275 0.048956186
4/28/2016 122 0.10133 0.030247978
4/29/2016 104 0.09235 0.023500046
4/30/2016 98.2 0.09007 0.021641638
5/1/2016 120 0.10352 0.030395128
5/2/2016 197 0.14942 0.072023369
5/3/2016 196 0.15046 0.072156523
5/4/2016 140 0.11876 0.040681476
5/5/2016 120 0.1081 0.03173989
5/6/2016 111.3 0.10408 0.028343986
5/7/2016 116 0.10804 0.030664864
5/8/2016 103 0.1012 0.025504464
5/9/2016 96 0.09793 0.023003052
5/10/2016 89.2 0.0947 0.020668707
5/11/2016 84.6 0.09278 0.019205393
5/12/2016 82.4 0.09236 0.018621283
5/13/2016 115 0.11463 0.032254819
5/14/2016 110 0.11258 0.030300682
5/15/2016 92.6 0.1022 0.02315583
5/16/2016 85.3 0.09838 0.02053309
5/17/2016 82.8 0.09772 0.019797587
5/18/2016 78.5 0.09579 0.018398749
5/19/2016 76.5 0.09541 0.017858863
5/20/2016 79.9 0.09883 0.019321198
5/21/2016 75.8 0.09694 0.017979214
5/22/2016 74 0.09666 0.017501569
5/23/2016 70.6 0.09518 0.016441782
5/24/2016 68 0.09424 0.015679877
5/25/2016 64 0.09222 0.014441209
5/26/2016 64.9 0.09385 0.014903128
5/27/2016 69.3 0.09817 0.016646023
5/28/2016 80.2 0.10755 0.021104898
5/29/2016 121 0.14008 0.041472477
5/30/2016 182 0.18908 0.084200652
5/31/2016 101 0.12718 0.031429586
6/1/2016 74.7 0.1075 0.019648416
6/2/2016 179 0.19229 0.084218636
6/3/2016 114 0.14145 0.039455384
6/4/2016 81 0.11583 0.02295644
6/5/2016 88.6 0.12322 0.02671243
6/6/2016 83.6 0.1202 0.024587208
6/7/2016 114 0.14687 0.040967213
6/8/2016 83.8 0.1226 0.02513813
6/9/2016 70.3 0.11209 0.019280605
6/10/2016 62.8 0.10653 0.016369298
6/11/2016 60 0.105 0.01541484
6/12/2016 55.1 0.10152 0.013686792
6/13/2016 52.8 0.10032 0.012960445
6/14/2016 53.2 0.10154 0.013217437
6/15/2016 50.9 0.10027 0.012487838
6/16/2016 49.6 0.09989 0.012122778
6/17/2016 47.4 0.09863 0.011438942
6/18/2016 46.2 0.09828 0.011109783
6/19/2016 46.6 0.09945 0.011339377
6/20/2016 45.9 0.09955 0.011180273
6/21/2016 56.8 0.11089 0.015411297
6/22/2016 47.8 0.10294 0.012039558
6/23/2016 44.2 0.10012 0.010827834
6/24/2016 42.5 0.09916 0.010311549
6/25/2016 42 0.09935 0.010209762
6/26/2016 41 0.09903 0.009934571
6/27/2016 45.4 0.1042 0.011575028
6/28/2016 44.2 0.10366 0.01121068
6/29/2016 42.3 0.10238 0.010596293
6/30/2016 41.1 0.10178 0.010235351
7/1/2016 41.7 0.10305 0.010514352
7/2/2016 42.6 0.10462 0.010904928
7/3/2016 40.1 0.10258 0.010064809
7/4/2016 39.1 0.1021 0.009767895
7/5/2016 37.57 0.10102 0.009286392
7/6/2016 38.1 0.10214 0.009521805
7/7/2016 39.6 0.10432 0.010107907
7/8/2016 50.7 0.11694 0.01450673
7/9/2016 44.3 0.11053 0.011980705
7/10/2016 44.1 0.11084 0.011960066
7/11/2016 42.1 0.10914 0.011242542
7/12/2016 39.6 0.10684 0.010352078
7/13/2016 38.9 0.1065 0.010136725
7/14/2016 41.4 0.10976 0.011118416
7/15/2016 47.4 0.11693 0.013561345
7/16/2016 43.3 0.11275 0.011945461
7/17/2016 39 0.10826 0.010330732
7/18/2016 92.9 0.16876 0.038360451
7/19/2016 55.5 0.12773 0.017345402
7/20/2016 43.2 0.11413 0.012063742
7/21/2016 39.5 0.1102 0.010650676
7/22/2016 38.2 0.109 0.010187986
7/23/2016 37.4 0.10834 0.009914228
7/24/2016 35.8 0.10672 0.009348185
7/25/2016 62.8 0.13805 0.02121263
7/26/2016 56.8 0.13147 0.018271469
7/27/2016 44.8 0.11786 0.012919417
7/28/2016 41.4 0.11408 0.011556021
7/29/2016 40.6 0.1133 0.011255231
7/30/2016 39.2 0.1118 0.010723248
7/31/2016 40.2 0.11308 0.011122703
8/1/2016 39.7 0.11259 0.010936763
8/2/2016 38.9 0.11173 0.010634519
8/3/2016 38.4 0.11119 0.010447092
8/4/2016 37.8 0.11051 0.010220964
8/5/2016 36.9 0.10946 0.009882806
8/6/2016 40.9 0.11417 0.011425462
8/7/2016 37.3 0.1099 0.010030094
8/8/2016 36.6 0.10902 0.009763055
8/9/2016 36.1 0.10836 0.009571382
8/10/2016 70.8 0.14843 0.025713039
8/11/2016 44.1 0.11753 0.012681943
8/12/2016 40.3 0.11296 0.011138538
8/13/2016 56.6 0.13168 0.018236216
8/14/2016 60.5 0.13593 0.020121908
8/15/2016 44.5 0.1173 0.012771929
8/16/2016 111 0.19218 0.052195089
8/17/2016 58.5 0.13287 0.019018719
8/18/2016 45.7 0.11793 0.013186786
8/19/2016 42.2 0.11362 0.011731829
8/20/2016 41.6 0.11263 0.011464256
8/21/2016 83.4 0.1593 0.032507255
8/22/2016 54.5 0.1266 0.016882186
8/23/2016 43.3 0.11354 0.012029159
8/24/2016 39.2 0.1085 0.01040673
8/25/2016 72.9 0.14569 0.025986976
8/26/2016 53.1 0.1233 0.016019762
8/27/2016 43 0.11156 0.011737495
8/28/2016 40.9 0.10876 0.010884061
8/29/2016 37.3 0.10427 0.009516268
8/30/2016 37.3 0.10381 0.009474286
8/31/2016 85.2 0.15525 0.032364558
9/1/2016 53.2 0.12024 0.015651612
9/2/2016 42.7 0.10825 0.011309782
9/3/2016 39.6 0.10433 0.010108876
9/4/2016 38 0.10204 0.009487516
9/5/2016 37 0.10041 0.009090278
9/6/2016 36.4 0.09921 0.008835992
9/7/2016 35.7 0.09789 0.008550766
9/8/2016 35.5 0.0971 0.008434242
9/9/2016 35.4 0.09641 0.008350718
9/10/2016 34.9 0.09528 0.008136276
9/11/2016 39.1 0.09906 0.009477058
9/12/2016 34.9 0.09406 0.008032096
9/13/2016 33.9 0.09241 0.007665088
9/14/2016 34.5 0.0924 0.007799909
9/15/2016 34.2 0.09145 0.007652587
9/16/2016 33.5 0.09009 0.007384479
9/17/2016 45.9 0.10183 0.011436336
9/18/2016 303 0.35037 0.259757451
9/19/2016 92.5 0.14495 0.032806389
9/20/2016 51.2 0.10468 0.013113908
9/21/2016 41.2 0.09425 0.009501169
9/22/2016 37.5 0.08996 0.00825428
9/23/2016 37 0.08876 0.008035585
9/24/2016 37.5 0.08851 0.008121235
9/25/2016 36.1 0.08646 0.007636967
9/26/2016 35.6 0.08527 0.007427535
9/27/2016 36.1 0.08502 0.007509772
9/28/2016 34.4 0.08272 0.006962536
9/29/2016 54 0.09967 0.013169118
9/30/2016 42.9 0.08893 0.009334779
10/1/2016 44.8 0.08982 0.009845767
10/2/2016 101 0.13721 0.033908268
10/3/2016 81.8 0.1198 0.023977759
10/4/2016 59.17 0.09966 0.014428491
10/5/2016 43.3 0.08529 0.009036172
10/6/2016 40.7 0.08228 0.008193834
10/7/2016 39.6 0.08058 0.007807661
10/8/2016 47.4 0.08628 0.010006609
10/9/2016 42.5 0.08143 0.008467824
10/10/2016 38.9 0.07769 0.007394575
10/11/2016 38.3 0.07644 0.007163379
10/12/2016 39.2 0.07641 0.007328832
10/13/2016 45.2 0.08039 0.008890761
10/14/2016 43.1 0.07795 0.008220379
10/15/2016 42.3 0.07654 0.007921862
10/16/2016 42.6 0.07599 0.007920717
10/17/2016 61.5 0.08942 0.013455761
10/18/2016 41.8 0.07384 0.007552078
10/19/2016 58.2 0.08517 0.012128528
10/20/2016 119 0.12764 0.037164837
10/21/2016 649 0.53546 0.85029613
10/22/2016 504 0.41008 0.505705407
10/23/2016 193 0.17476 0.082527334
10/24/2016 119 0.12236 0.035627463
10/25/2016 89.6 0.10129 0.022206139
10/26/2016 118 0.11911 0.034389725
10/27/2016 171 0.15282 0.063940316
10/28/2016 157 0.14201 0.054552801
10/29/2016 104 0.10632 0.027054953
10/30/2016 93.2 0.09829 0.022414225
10/31/2016 110 0.10783 0.029022229
11/1/2016 90.8 0.09468 0.021035003
11/2/2016 93.5 0.09533 0.021809197
11/3/2016 339 0.24823 0.205898147
11/4/2016 214 0.16649 0.087176695
11/5/2016 135 0.11707 0.038670328
11/6/2016 111 0.10163 0.02760218
11/7/2016 95.9 0.0917 0.021517233
11/8/2016 87.9 0.08608 0.018513546
11/9/2016 97.2 0.09048 0.021518764
11/10/2016 88.3 0.08446 0.018247789
11/11/2016 81.5 0.07973 0.015899294
11/12/2016 76.8 0.07626 0.01433034
11/13/2016 75.1 0.0745 0.013689724
11/14/2016 74.1 0.07316 0.013264485
11/15/2016 73.1 0.07184 0.01284938
11/16/2016 73 0.07103 0.012687123
11/17/2016 71.9 0.06969 0.012260208
11/18/2016 71.3 0.06864 0.011974717
11/19/2016 75.9 0.07031 0.013057419
11/20/2016 105 0.08443 0.021691249
11/21/2016 105 0.08355 0.021465165
11/22/2016 107 0.08368 0.02190806
11/23/2016 102 0.08035 0.020053239
11/24/2016 118 0.08734 0.025217014
11/25/2016 156 0.10482 0.040009878
11/26/2016 167 0.10905 0.044559531
11/27/2016 154 0.10177 0.038347669
11/28/2016 130 0.08949 0.028465337
11/29/2016 119 0.08351 0.02431554
11/30/2016 111 0.07902 0.021461421
12/1/2016 272.3 0.15287 0.101851723
12/2/2016 169 0.10367 0.042868499
12/3/2016 138 0.08879 0.029980689
12/4/2016 123 0.08132 0.024473774
12/5/2016 139.7 0.08784 0.03002529
12/6/2016 123 0.0798 0.024016321
12/7/2016 196 0.11062 0.053050343
12/8/2016 178 0.10185 0.044358771
12/9/2016 137 0.08355 0.028006929
12/10/2016 114 0.07319 0.020415267
12/11/2016 99.1 0.06637 0.016093257
12/12/2016 100 0.06616 0.016188029
12/13/2016 103 0.06681 0.016837483
12/14/2016 92.8 0.06213 0.014107427
12/15/2016 73.1 0.05367 0.009599474
12/16/2016 78.1 0.05523 0.010554181
12/17/2016 74.9 0.05351 0.009806527
12/18/2016 149 0.0821 0.02993146
12/19/2016 149 0.08145 0.029694487
12/20/2016 114 0.06735 0.018786286
12/21/2016 109 0.06492 0.017314242
12/22/2016 95.9 0.05947 0.013954524
12/23/2016 96.1 0.05911 0.013898976
12/24/2016 113 0.065 0.017971746
12/25/2016 181 0.08984 0.039787513
12/26/2016 183 0.08996 0.040280885
12/27/2016 394 0.17068 0.164542211
12/28/2016 250 0.11367 0.069531939
12/29/2016 174 0.0849 0.036145598
12/30/2016 150 0.07571 0.027787084
12/31/2016 125 0.06631 0.020280914
