1/1/2016 236600 0.0492 28.4825137
1/2/2016 236600 0.04914 28.44777892
1/3/2016 238400 0.04899 28.57670571
1/4/2016 210800 0.04688 24.18002143
1/5/2016 221100 0.04837 26.16756441
1/6/2016 209800 0.04649 23.86511337
1/7/2016 215100 0.0474 24.94693663
1/8/2016 214400 0.04719 24.75558708
1/9/2016 204100 0.04488 22.41270757
1/10/2016 236600 0.04846 28.05411816
1/11/2016 256000 0.04636 29.03901389
1/12/2016 258200 0.04587 28.97900367
1/13/2016 241900 0.04786 28.32742083
1/14/2016 236300 0.04802 27.7641479
1/15/2016 211900 0.04603 23.86549263
1/16/2016 221100 0.04725 25.56165843
1/17/2016 226000 0.04753 26.2829873
1/18/2016 247600 0.04672 28.30426921
1/19/2016 229200 0.0474 26.58223094
1/20/2016 228500 0.04724 26.41159111
1/21/2016 222500 0.04672 25.43497536
1/22/2016 204800 0.0436 21.8481623
1/23/2016 198100 0.04156 20.14459248
1/24/2016 204500 0.04322 21.62601733
1/25/2016 207700 0.04384 22.27950378
1/26/2016 237000 0.04635 26.87797566
1/27/2016 237000 0.04619 26.785193
1/28/2016 230600 0.04609 26.00545657
1/29/2016 226400 0.04577 25.35454415
1/30/2016 212200 0.04401 22.85047435
1/31/2016 205200 0.04236 21.26825113
2/1/2016 226000 0.04526 25.02772997
2/2/2016 211200 0.04331 22.38105577
2/3/2016 222500 0.04466 24.31348458
2/4/2016 237700 0.04481 26.06169137
2/5/2016 229200 0.04468 25.0568371
2/6/2016 223900 0.04424 24.23637612
2/7/2016 215400 0.04315 22.74180707
2/8/2016 221400 0.04367 23.65697878
2/9/2016 226400 0.04383 24.27987044
2/10/2016 239400 0.04364 25.56273747
2/11/2016 236600 0.04356 25.21744505
2/12/2016 237300 0.04334 25.16431524
2/13/2016 229200 0.04318 24.21562726
2/14/2016 215100 0.04179 21.99435616
2/15/2016 212900 0.04129 21.5089404
2/16/2016 213700 0.04119 21.53747498
2/17/2016 210800 0.04055 20.91509959
2/18/2016 211200 0.04041 20.88243971
2/19/2016 210100 0.04004 20.58347011
2/20/2016 228500 0.04176 23.34775709
2/21/2016 216800 0.04067 21.57406198
2/22/2016 220700 0.04089 22.0809582
2/23/2016 212900 0.03974 20.70150863
2/24/2016 201300 0.03718 18.31266843
2/25/2016 235500 0.04079 23.50407091
2/26/2016 232000 0.04061 23.05257514
2/27/2016 226700 0.04027 22.33734858
2/28/2016 232700 0.0402 22.88868847
2/29/2016 253900 0.03857 23.961324
3/1/2016 211200 0.03806 19.66804393
3/2/2016 235500 0.03956 22.79531858
3/3/2016 219700 0.03875 20.83052595
3/4/2016 221100 0.03868 20.92539573
3/5/2016 215800 0.03792 20.02249716
3/6/2016 208400 0.03659 18.65772106
3/7/2016 221400 0.0381 20.63958991
3/8/2016 218200 0.03761 20.07966909
3/9/2016 226000 0.03799 21.00758863
3/10/2016 244000 0.03753 22.40613058
3/11/2016 223900 0.03746 20.52203096
3/12/2016 221100 0.03706 20.04899601
3/13/2016 215800 0.03633 19.18294626
3/14/2016 226700 0.03701 20.52906062
3/15/2016 235900 0.03689 21.29291243
3/16/2016 224600 0.0365 20.05862172
3/17/2016 236300 0.03648 21.09196408
3/18/2016 241200 0.03611 21.31097226
3/19/2016 222800 0.03582 19.52716697
3/20/2016 220700 0.03547 19.15411072
3/21/2016 235900 0.03571 20.61181629
3/22/2016 222500 0.0352 19.1633376
3/23/2016 221400 0.03495 18.93316712
3/24/2016 221800 0.03478 18.87511435
3/25/2016 239800 0.03482 20.43037872
3/26/2016 231700 0.03478 19.71760142
3/27/2016 231000 0.03458 19.54498946
3/28/2016 255000 0.03307 20.63349738
3/29/2016 243700 0.03388 20.20214122
3/30/2016 232000 0.03405 19.32874128
3/31/2016 242600 0.03359 19.93881171
4/1/2016 247900 0.03306 20.05293046
4/2/2016 253600 0.03235 20.07344933
4/3/2016 249300 0.0326 19.88558402
4/4/2016 234100 0.03316 18.99391138
4/5/2016 236300 0.03295 19.05099278
4/6/2016 235200 0.0328 18.87598541
4/7/2016 247600 0.03206 19.42283542
4/8/2016 251800 0.03154 19.43192773
4/9/2016 237000 0.03227 18.71310193
4/10/2016 239800 0.03202 18.78749933
4/11/2016 248600 0.03134 19.0633222
4/12/2016 247200 0.03129 18.92572396
4/13/2016 241200 0.03149 18.58439536
4/14/2016 242600 0.03127 18.56167437
4/15/2016 233400 0.03138 17.92058831
4/16/2016 229200 0.03119 17.49155661
4/17/2016 229200 0.03104 17.40743562
4/18/2016 245100 0.03054 18.31516417
4/19/2016 242600 0.03054 18.12835099
4/20/2016 240100 0.03051 17.92391351
4/21/2016 242600 0.03026 17.96214476
4/22/2016 243700 0.03006 17.92433191
4/23/2016 234800 0.03022 17.3616511
4/24/2016 232700 0.0301 17.13804784
4/25/2016 231000 0.02995 16.92806346
4/26/2016 235900 0.02981 17.20633558
4/27/2016 237300 0.02966 17.22135648
4/28/2016 231700 0.02958 16.7695989
4/29/2016 238000 0.02939 17.11492558
4/30/2016 234100 0.02934 16.80583112
5/1/2016 233800 0.02922 16.71564696
5/2/2016 241900 0.02891 17.1112774
5/3/2016 245100 0.02863 17.16971677
5/4/2016 246100 0.02846 17.13740188
5/5/2016 247600 0.02826 17.12069024
5/6/2016 240500 0.02853 16.78863256
5/7/2016 229900 0.02855 16.05992659
5/8/2016 239400 0.02836 16.61226477
5/9/2016 254300 0.02732 16.99908428
5/10/2016 235500 0.02826 16.28401676
5/11/2016 244400 0.02786 16.66022205
5/12/2016 244700 0.02776 16.62079921
5/13/2016 238000 0.02794 16.2705349
5/14/2016 251400 0.02713 16.68835536
5/15/2016 264200 0.02575 16.64594742
5/16/2016 257100 0.02646 16.64525253
5/17/2016 247900 0.02715 16.4681507
5/18/2016 245800 0.0272 16.35871757
5/19/2016 243000 0.02727 16.21398935
5/20/2016 242300 0.02723 16.143568
5/21/2016 233100 0.02737 15.61045432
5/22/2016 228800 0.02727 15.2665052
5/23/2016 247200 0.02677 16.19180666
5/24/2016 245400 0.02682 16.10392739
5/25/2016 246100 0.02672 16.08964787
5/26/2016 246100 0.02666 16.05351842
5/27/2016 245400 0.02665 16.00185179
5/28/2016 237000 0.02691 15.60488296
5/29/2016 232000 0.0269 15.26998944
5/30/2016 236300 0.02682 15.50675649
5/31/2016 238000 0.02675 15.5775522
6/1/2016 234100 0.02677 15.33374571
6/2/2016 235900 0.0267 15.4112432
6/3/2016 230600 0.02668 15.05371189
6/4/2016 225700 0.02653 14.65100042
6/5/2016 231000 0.02661 15.04025939
6/6/2016 242300 0.02638 15.6396373
6/7/2016 245100 0.02622 15.72441403
6/8/2016 241200 0.02637 15.56273438
6/9/2016 243300 0.02626 15.63274711
6/10/2016 241200 0.02633 15.53912765
6/11/2016 238700 0.02639 15.41311011
6/12/2016 221100 0.02613 14.13600285
6/13/2016 238400 0.02637 15.38207245
6/14/2016 241900 0.02625 15.53687415
6/15/2016 235900 0.0264 15.23808317
6/16/2016 233100 0.02642 15.06862269
6/17/2016 224600 0.02626 14.43121661
6/18/2016 221800 0.02612 14.17533027
6/19/2016 223500 0.02622 14.33866396
6/20/2016 237000 0.02637 15.29174149
6/21/2016 231300 0.02642 14.95226267
6/22/2016 240500 0.0263 15.47637702
6/23/2016 231300 0.02644 14.96358157
6/24/2016 233100 0.02646 15.09143666
6/25/2016 222100 0.02621 14.24341248
6/26/2016 222800 0.02627 14.32101274
6/27/2016 237300 0.02647 15.36916069
6/28/2016 232400 0.02653 15.08592157
6/29/2016 237300 0.02652 15.39819197
6/30/2016 240100 0.02647 15.55050772
7/1/2016 238000 0.02656 15.4669079
7/2/2016 227400 0.02659 14.79473769
7/3/2016 222100 0.02643 14.36296802
7/4/2016 231300 0.02673 15.12770557
7/5/2016 233800 0.02677 15.31409546
7/6/2016 233100 0.02681 15.29105883
7/7/2016 226000 0.02676 14.79765917
7/8/2016 223200 0.02669 14.57609653
7/9/2016 235900 0.02694 15.54977123
7/10/2016 238000 0.02695 15.69401988
7/11/2016 229500 0.02705 15.18967323
7/12/2016 235200 0.02711 15.60146233
7/13/2016 235900 0.02716 15.67675526
7/14/2016 240100 0.02713 15.93824233
7/15/2016 232000 0.02732 15.50840563
7/16/2016 223500 0.02718 14.86364936
7/17/2016 222500 0.02719 14.80258947
7/18/2016 237000 0.02748 15.93542117
7/19/2016 227400 0.02754 15.32331989
7/20/2016 227100 0.0276 15.33644453
7/21/2016 225300 0.02762 15.22591278
7/22/2016 237300 0.02779 16.13558654
7/23/2016 227800 0.02786 15.52863577
7/24/2016 224200 0.02784 15.27226007
7/25/2016 228100 0.02805 15.65512799
7/26/2016 233800 0.02819 16.12642327
7/27/2016 236600 0.02825 16.35428886
7/28/2016 229900 0.02836 15.95304792
7/29/2016 220700 0.02811 15.17964624
7/30/2016 209100 0.02709 13.85994509
7/31/2016 212600 0.02761 14.36243706
8/1/2016 216500 0.0281 14.88547482
8/2/2016 225700 0.02877 15.88802421
8/3/2016 228500 0.02897 16.19694739
8/4/2016 225300 0.02899 15.98114452
8/5/2016 227400 0.02917 16.23025567
8/6/2016 216800 0.02869 15.21907643
8/7/2016 212900 0.02842 14.80465212
8/8/2016 214400 0.02868 15.04535363
8/9/2016 218600 0.02919 15.61286931
8/10/2016 230300 0.02983 16.80914653
8/11/2016 222800 0.02973 16.2072215
8/12/2016 219700 0.02964 15.93333649
8/13/2016 217500 0.02962 15.76314198
8/14/2016 225300 0.03024 16.67022457
8/15/2016 228500 0.03047 17.03558809
8/16/2016 233800 0.03066 17.53941601
8/17/2016 223500 0.03058 16.72297268
8/18/2016 222800 0.03068 16.72511119
8/19/2016 225300 0.03095 17.06162204
8/20/2016 215400 0.03039 16.01676748
8/21/2016 228100 0.03134 17.49132661
8/22/2016 216100 0.03076 16.26445704
8/23/2016 219300 0.03119 16.73603126
8/24/2016 222500 0.03156 17.18167428
8/25/2016 228800 0.03198 17.90329432
8/26/2016 227100 0.03209 17.83139511
8/27/2016 204500 0.02991 14.96608465
8/28/2016 214400 0.03149 16.51946254
8/29/2016 215800 0.03181 16.79629839
8/30/2016 224200 0.03264 17.90540836
8/31/2016 225300 0.03286 18.11453635
9/1/2016 214000 0.03212 16.81852022
9/2/2016 206900 0.03129 15.84034097
9/3/2016 201300 0.0304 14.97324154
9/4/2016 206900 0.03162 16.00740113
9/5/2016 208700 0.03207 16.37645442
9/6/2016 218200 0.03343 17.84800154
9/7/2016 216800 0.03347 17.75470505
9/8/2016 228100 0.03438 19.18799645
9/9/2016 224200 0.03441 18.87638179
9/10/2016 219000 0.03421 18.33140113
9/11/2016 212600 0.03369 17.52519032
9/12/2016 210100 0.03352 17.23171623
9/13/2016 218600 0.03474 18.58140048
9/14/2016 221800 0.03519 19.09762145
9/15/2016 208700 0.03384 17.28029989
9/16/2016 207700 0.03384 17.19750018
9/17/2016 211900 0.0347 17.99114912
9/18/2016 217200 0.03555 18.89286833
9/19/2016 217200 0.03574 18.99384287
9/20/2016 217900 0.03601 19.1990095
9/21/2016 209400 0.03509 17.97870959
9/22/2016 216500 0.03625 19.20279225
9/23/2016 210800 0.0357 18.41354021
9/24/2016 196000 0.03274 15.70121347
9/25/2016 196300 0.03302 15.85973186
9/26/2016 211900 0.03644 18.89329896
9/27/2016 228800 0.03812 21.34063726
9/28/2016 210800 0.03667 18.91385208
9/29/2016 198100 0.0342 16.57711894
9/30/2016 196000 0.03381 16.21435637
10/1/2016 210100 0.03714 19.09265934
10/2/2016 209400 0.03722 19.07003622
10/3/2016 209100 0.03734 19.10411036
10/4/2016 213700 0.03827 20.01066199
10/5/2016 216500 0.03885 20.58009597
10/6/2016 219300 0.03937 21.12528216
10/7/2016 213700 0.03887 20.32439069
10/8/2016 212600 0.03892 20.24578235
10/9/2016 203800 0.03742 18.65977637
10/10/2016 206900 0.03831 19.39416627
10/11/2016 217500 0.04019 21.38827401
10/12/2016 215100 0.04007 21.08910867
10/13/2016 219700 0.04081 21.93790359
10/14/2016 210800 0.03981 20.53341837
10/15/2016 197800 0.037 17.90715048
10/16/2016 204100 0.03883 19.3913867
10/17/2016 214400 0.04095 21.48212102
10/18/2016 217500 0.04158 22.12800282
10/19/2016 210800 0.04077 21.02857239
10/20/2016 206900 0.04021 20.35602781
10/21/2016 201600 0.03914 19.3067788
10/22/2016 208000 0.04079 20.75943418
10/23/2016 209100 0.04118 21.06875374
10/24/2016 216100 0.04255 22.49846057
10/25/2016 220400 0.04322 23.3074534
10/26/2016 211500 0.0422 21.83842404
10/27/2016 214400 0.04283 22.46835759
10/28/2016 218200 0.04356 23.25632507
10/29/2016 210500 0.04252 21.89998553
10/30/2016 210500 0.0427 21.99269478
10/31/2016 213300 0.04338 22.64012785
11/1/2016 213300 0.04355 22.72885126
11/2/2016 215100 0.04399 23.15223085
11/3/2016 213300 0.04388 22.90107907
11/4/2016 211200 0.04367 22.56709087
11/5/2016 219300 0.04506 24.17844079
11/6/2016 213700 0.04442 23.22638113
11/7/2016 217500 0.04517 24.03852543
11/8/2016 232400 0.04629 26.32217525
11/9/2016 210800 0.04439 22.89571568
11/10/2016 226000 0.04642 25.66918306
11/11/2016 221400 0.04623 25.04378587
11/12/2016 214000 0.0454 23.77213008
11/13/2016 225700 0.04684 25.86705088
11/14/2016 230600 0.04718 26.62046953
11/15/2016 216100 0.04615 24.4019731
11/16/2016 219700 0.04673 25.12027039
11/17/2016 216100 0.04641 24.53944901
11/18/2016 208000 0.04501 22.90713734
11/19/2016 231700 0.04785 27.12729235
11/20/2016 235500 0.04796 27.63557834
11/21/2016 235900 0.04806 27.74023777
11/22/2016 221400 0.04766 25.81844764
11/23/2016 209400 0.04588 23.50707313
11/24/2016 214000 0.04687 24.54184442
11/25/2016 213700 0.0469 24.5231264
11/26/2016 209400 0.04618 23.66078111
11/27/2016 208700 0.04611 23.54594055
11/28/2016 209400 0.04635 23.74788229
11/29/2016 212900 0.04715 24.5615534
11/30/2016 218200 0.04806 25.65883799
12/1/2016 248300 0.04809 29.21661976
12/2/2016 241900 0.04879 28.87787009
12/3/2016 222500 0.04874 26.53468962
12/4/2016 205200 0.04576 22.97533455
12/5/2016 222500 0.04887 26.60546331
12/6/2016 196300 0.0432 20.74925549
12/7/2016 219000 0.04858 26.03155414
12/8/2016 228100 0.04941 27.5764661
12/9/2016 233400 0.04954 28.29145776
12/10/2016 228100 0.04949 27.62111531
12/11/2016 214400 0.04806 25.2119838
12/12/2016 222800 0.04921 26.82668584
12/13/2016 227100 0.04952 27.51669323
12/14/2016 238000 0.04957 28.86651449
12/15/2016 265200 0.04578 29.70624646
12/16/2016 224200 0.0494 27.09948446
12/17/2016 207700 0.04679 23.77869484
12/18/2016 200600 0.04487 22.02345595
12/19/2016 210500 0.04743 24.4288879
12/20/2016 217200 0.04861 25.83353951
12/21/2016 232700 0.0497 28.29770689
12/22/2016 216800 0.04854 25.74883129
12/23/2016 217200 0.04856 25.80696726
12/24/2016 211900 0.04764 24.70024047
12/25/2016 205900 0.04625 23.30057055
12/26/2016 205200 0.04604 23.11591789
12/27/2016 250000 0.04834 29.569578
12/28/2016 225000 0.04921 27.0915813
12/29/2016 229900 0.0494 27.78845441
12/30/2016 234100 0.04938 28.28466055
12/31/2016 221100 0.04872 26.35691003
