1/1/2016 14600 0.04988 1.781877206
1/2/2016 14200 0.04962 1.724025067
1/3/2016 13800 0.04936 1.666681862
1/4/2016 13130 0.049 1.574197716
1/5/2016 12200 0.0485 1.44777156
1/6/2016 11700 0.04818 1.379275841
1/7/2016 10100 0.04733 1.169651144
1/8/2016 10100 0.04724 1.167427003
1/9/2016 10100 0.04714 1.164955735
1/10/2016 10900 0.04742 1.26469709
1/11/2016 12400 0.04798 1.455728554
1/12/2016 12500 0.04793 1.46593905
1/13/2016 11700 0.0475 1.3598091
1/14/2016 12400 0.0477 1.447233264
1/15/2016 11800 0.04736 1.367389286
1/16/2016 10900 0.04687 1.250028524
1/17/2016 11400 0.04701 1.311274375
1/18/2016 11400 0.04692 1.308763958
1/19/2016 9710 0.04605 1.094075609
1/20/2016 9570 0.0459 1.074788708
1/21/2016 11200 0.04659 1.276759814
1/22/2016 10800 0.04632 1.224026381
1/23/2016 9020 0.04538 1.001542772
1/24/2016 8880 0.04523 0.982738624
1/25/2016 8390 0.0449 0.921736475
1/26/2016 7430 0.04427 0.804816381
1/27/2016 7500 0.04425 0.81203175
1/28/2016 7970 0.04445 0.866819272
1/29/2016 6890 0.04374 0.73738869
1/30/2016 6560 0.04346 0.697576808
1/31/2016 5330 0.04253 0.554652613
2/1/2016 5960 0.04293 0.626045099
2/2/2016 7180 0.04367 0.767195608
2/3/2016 8480 0.04436 0.920419607
2/4/2016 11100 0.04557 1.237657504
2/5/2016 11400 0.04564 1.273060253
2/6/2016 10600 0.04523 1.173088898
2/7/2016 9960 0.04488 1.093731345
2/8/2016 8720 0.04421 0.943268804
2/9/2016 7690 0.0436 0.820372891
2/10/2016 7910 0.04368 0.845390932
2/11/2016 8580 0.044 0.923715936
2/12/2016 8170 0.04373 0.874178268
2/13/2016 7730 0.04344 0.821613908
2/14/2016 6070 0.04237 0.62928246
2/15/2016 6530 0.04264 0.681285035
2/16/2016 8450 0.04373 0.904137866
2/17/2016 11600 0.04517 1.28205469
2/18/2016 12600 0.04554 1.403983627
2/19/2016 12500 0.04547 1.39069995
2/20/2016 12300 0.04536 1.36513823
2/21/2016 12900 0.04556 1.438043083
2/22/2016 13900 0.04591 1.561422973
2/23/2016 13900 0.04588 1.560402658
2/24/2016 15500 0.04641 1.760117814
2/25/2016 21200 0.04803 2.491419845
2/26/2016 22200 0.04826 2.62143301
2/27/2016 21800 0.04814 2.567799154
2/28/2016 21200 0.04797 2.488307515
2/29/2016 20900 0.04788 2.448493186
3/1/2016 20200 0.04769 2.357095418
3/2/2016 19100 0.04738 2.214251234
3/3/2016 18300 0.04715 2.111209146
3/4/2016 17600 0.04694 2.021409139
3/5/2016 16300 0.04653 1.855748545
3/6/2016 15200 0.04617 1.717125091
3/7/2016 15070 0.04612 1.700595489
3/8/2016 14500 0.04593 1.629532098
3/9/2016 14500 0.04594 1.629886884
3/10/2016 15000 0.04611 1.69232922
3/11/2016 16000 0.04645 1.81846176
3/12/2016 16200 0.04652 1.843967203
3/13/2016 15900 0.04644 1.806707333
3/14/2016 14900 0.04612 1.681411598
3/15/2016 13800 0.04575 1.54478718
3/16/2016 12400 0.04523 1.372292674
3/17/2016 10500 0.04446 1.142239644
3/18/2016 10100 0.04429 1.094524597
3/19/2016 10200 0.04436 1.10710849
3/20/2016 9350 0.04398 1.006155968
3/21/2016 8490 0.04356 0.904886342
3/22/2016 7310 0.04293 0.767850616
3/23/2016 8500 0.04362 0.907200036
3/24/2016 7200 0.04292 0.756119923
3/25/2016 4850 0.04134 0.490580953
3/26/2016 4240 0.04086 0.423899292
3/27/2016 4380 0.04101 0.439503514
3/28/2016 4390 0.04105 0.440936605
3/29/2016 3350 0.04011 0.328772846
3/30/2016 3440 0.04024 0.338699758
3/31/2016 3680 0.04052 0.364851156
4/1/2016 3310 0.04018 0.325414123
4/2/2016 3580 0.0405 0.354761532
4/3/2016 3820 0.04078 0.381161525
4/4/2016 3793 0.0408 0.378653066
4/5/2016 3910 0.04096 0.391863828
4/6/2016 5050 0.04199 0.518842717
4/7/2016 5270 0.04221 0.544282586
4/8/2016 8540 0.04433 0.92630514
4/9/2016 8540 0.04439 0.92755888
4/10/2016 8410 0.04438 0.913233355
4/11/2016 8370 0.04441 0.909504188
4/12/2016 9050 0.04484 0.992916334
4/13/2016 10600 0.04565 1.183982052
4/14/2016 9800 0.04534 1.087191538
4/15/2016 9260 0.04514 1.022753592
4/16/2016 6380 0.04354 0.679684827
4/17/2016 4920 0.04254 0.51210741
4/18/2016 4550 0.04229 0.470812033
4/19/2016 5040 0.04277 0.527434165
4/20/2016 4780 0.04263 0.498587862
4/21/2016 4500 0.04246 0.467510076
4/22/2016 4520 0.04255 0.470583257
4/23/2016 4390 0.04252 0.456726539
4/24/2016 3800 0.04204 0.390881194
4/25/2016 3410 0.04172 0.348094491
4/26/2016 3580 0.04197 0.367638062
4/27/2016 3140 0.04157 0.319380315
4/28/2016 2800 0.04125 0.2826054
4/29/2016 3360 0.04198 0.345127991
4/30/2016 3540 0.04225 0.365955642
5/1/2016 3413 0.04221 0.352492688
5/2/2016 5630 0.04426 0.609702922
5/3/2016 9870 0.04692 1.133114059
5/4/2016 10000 0.04707 1.15170876
5/5/2016 10900 0.0476 1.269497712
5/6/2016 10600 0.04756 1.233519965
5/7/2016 8500 0.04658 0.968761524
5/8/2016 8150 0.04648 0.926877202
5/9/2016 7720 0.04632 0.874952191
5/10/2016 5720 0.04508 0.630925976
5/11/2016 4260 0.04395 0.458107024
5/12/2016 3330 0.0431 0.351172076
5/13/2016 2590 0.04229 0.268000695
5/14/2016 2970 0.04288 0.311608788
5/15/2016 3460 0.04354 0.368606505
5/16/2016 4560 0.04473 0.49907086
5/17/2016 3770 0.04407 0.406520895
5/18/2016 3780 0.04418 0.408616579
5/19/2016 3070 0.04349 0.326682789
5/20/2016 3290 0.04385 0.352991272
5/21/2016 3130 0.04377 0.335211845
5/22/2016 3030 0.04375 0.324353925
5/23/2016 2860 0.04364 0.305386087
5/24/2016 2650 0.04347 0.281860349
5/25/2016 2330 0.04312 0.245829017
5/26/2016 1880 0.0425 0.19549932
5/27/2016 1620 0.04212 0.16695593
5/28/2016 1900 0.04274 0.198694841
5/29/2016 2020 0.04305 0.212776175
5/30/2016 2390 0.04374 0.255785046
5/31/2016 2660 0.04423 0.287870424
6/1/2016 2480 0.04408 0.267480261
6/2/2016 3030 0.04493 0.333102214
6/3/2016 3070 0.04509 0.338701471
6/4/2016 3300 0.04548 0.367225531
6/5/2016 6970 0.04883 0.832756391
6/6/2016 6440 0.04857 0.765336529
6/7/2016 5590 0.04803 0.656935704
6/8/2016 5050 0.0477 0.589397418
6/9/2016 4470 0.04728 0.517110627
6/10/2016 947 0.0419 0.097087311
6/11/2016 1230 0.04281 0.128839435
6/12/2016 1470 0.04349 0.156424658
6/13/2016 2360 0.04522 0.261120539
6/14/2016 2130 0.04496 0.234317313
6/15/2016 1830 0.04454 0.199434264
6/16/2016 1210 0.04329 0.128165586
6/17/2016 1210 0.0434 0.128491255
6/18/2016 1150 0.04334 0.121950959
6/19/2016 1360 0.04398 0.146349959
6/20/2016 1460 0.04432 0.158325577
6/21/2016 2700 0.0466 0.307856376
6/22/2016 1150 0.04376 0.123132763
6/23/2016 1300 0.04426 0.140783978
6/24/2016 1320 0.04441 0.143434352
6/25/2016 1250 0.04434 0.13561389
6/26/2016 1260 0.04447 0.137099587
6/27/2016 1480 0.0451 0.163319006
6/28/2016 1360 0.04493 0.149511225
6/29/2016 1670 0.04572 0.186819052
6/30/2016 1170 0.04464 0.127793428
7/1/2016 1140 0.04465 0.124544567
7/2/2016 1100 0.04464 0.120147667
7/3/2016 1190 0.045 0.13102614
7/4/2016 1170 0.04504 0.12893853
7/5/2016 1083 0.0449 0.11897981
7/6/2016 1140 0.04515 0.125939243
7/7/2016 1120 0.04519 0.123839399
7/8/2016 1070 0.04513 0.11815377
7/9/2016 1480 0.04631 0.167700736
7/10/2016 1480 0.04641 0.168062862
7/11/2016 1300 0.04606 0.14650949
7/12/2016 1240 0.046 0.139565472
7/13/2016 984 0.04533 0.109138829
7/14/2016 1280 0.04629 0.144975836
7/15/2016 1030 0.04566 0.115072515
7/16/2016 1180 0.04619 0.133360877
7/17/2016 1170 0.04625 0.132402465
7/18/2016 1370 0.04688 0.157147198
7/19/2016 1420 0.04709 0.163612133
7/20/2016 1260 0.04676 0.144159584
7/21/2016 1120 0.04645 0.127292323
7/22/2016 1120 0.04653 0.127511556
7/23/2016 988 0.04619 0.11166148
7/24/2016 1020 0.04638 0.115752236
7/25/2016 1070 0.04662 0.122054703
7/26/2016 1170 0.04699 0.134520904
7/27/2016 1230 0.04724 0.142171803
7/28/2016 1170 0.04714 0.134950318
7/29/2016 1170 0.04721 0.135150711
7/30/2016 1050 0.04692 0.120544049
7/31/2016 1050 0.04699 0.120723889
8/1/2016 934.7 0.04666 0.106712538
8/2/2016 1060 0.04715 0.122288617
8/3/2016 1070 0.04725 0.123704091
8/4/2016 1070 0.04731 0.123861176
8/5/2016 1080 0.04741 0.125283011
8/6/2016 1070 0.04743 0.124175345
8/7/2016 1050 0.04743 0.12185431
8/8/2016 1060 0.04752 0.123248252
8/9/2016 1050 0.04754 0.122136916
8/10/2016 1070 0.04766 0.124777502
8/11/2016 1090 0.04777 0.127403163
8/12/2016 1060 0.04773 0.12379291
8/13/2016 1190 0.04817 0.140256204
8/14/2016 1860 0.04984 0.226824232
8/15/2016 1720 0.04959 0.208699317
8/16/2016 1410 0.04891 0.168738913
8/17/2016 819 0.04707 0.094324947
8/18/2016 1150 0.04827 0.135823091
8/19/2016 1300 0.04873 0.155002333
8/20/2016 1220 0.04855 0.144926411
8/21/2016 1370 0.04899 0.164220163
8/22/2016 1360 0.049 0.163054752
8/23/2016 1340 0.04897 0.160558527
8/24/2016 1340 0.049 0.160656888
8/25/2016 1530 0.04951 0.185345834
8/26/2016 1960 0.05046 0.241992435
8/27/2016 1590 0.04969 0.193314572
8/28/2016 1220 0.04875 0.14552343
8/29/2016 1140 0.04853 0.135367253
8/30/2016 1100 0.04842 0.130321462
8/31/2016 821 0.04743 0.095278465
9/1/2016 899 0.04775 0.105034395
9/2/2016 1090 0.04842 0.129136721
9/3/2016 1220 0.04883 0.145762238
9/4/2016 1180 0.04871 0.140636681
9/5/2016 1140 0.04859 0.135534614
9/6/2016 1143 0.04862 0.135975184
9/7/2016 1430 0.04941 0.172881835
9/8/2016 1260 0.04894 0.150880454
9/9/2016 1200 0.04877 0.143196523
9/10/2016 1300 0.04905 0.156020202
9/11/2016 1240 0.04887 0.148273144
9/12/2016 1170 0.04865 0.139273079
9/13/2016 1070 0.04832 0.126505432
9/14/2016 1070 0.0483 0.126453071
9/15/2016 1090 0.04835 0.12895003
9/16/2016 1000 0.04803 0.117519804
9/17/2016 858 0.04748 0.099677347
9/18/2016 1090 0.04829 0.128790009
9/19/2016 2760 0.0518 0.349814102
9/20/2016 1320 0.04891 0.157968344
9/21/2016 1260 0.04871 0.150171371
9/22/2016 1040 0.04801 0.122169703
9/23/2016 1200 0.04848 0.142345037
9/24/2016 1020 0.04787 0.119470882
9/25/2016 1050 0.04794 0.123164572
9/26/2016 1120 0.04812 0.131868818
9/27/2016 1140 0.04814 0.134279405
9/28/2016 1080 0.04791 0.126604283
9/29/2016 1050 0.04776 0.122702126
9/30/2016 932 0.04731 0.107886557
10/1/2016 998 0.04749 0.115966135
10/2/2016 1220 0.04814 0.143702521
10/3/2016 1373 0.04852 0.163000825
10/4/2016 1390 0.0485 0.164951022
10/5/2016 1000 0.04729 0.115709172
10/6/2016 897 0.04686 0.102847372
10/7/2016 1100 0.0475 0.1278453
10/8/2016 1290 0.048 0.151505856
10/9/2016 1540 0.04857 0.183015257
10/10/2016 2780 0.05081 0.345614904
10/11/2016 3250 0.05141 0.408817461
10/12/2016 1870 0.04909 0.22461208
10/13/2016 1320 0.04775 0.154221804
10/14/2016 1210 0.04737 0.140244948
10/15/2016 1350 0.04768 0.157495622
10/16/2016 1410 0.04776 0.164771427
10/17/2016 1350 0.04753 0.157000145
10/18/2016 1930 0.04876 0.230260518
10/19/2016 7280 0.05468 0.973998655
10/20/2016 6200 0.05375 0.8153961
10/21/2016 12800 0.05774 1.80836137
10/22/2016 16100 0.05907 2.326972864
10/23/2016 15500 0.05873 2.227358742
10/24/2016 14600 0.05825 2.08088106
10/25/2016 13800 0.0578 1.951665552
10/26/2016 12300 0.05699 1.715150524
10/27/2016 11200 0.05633 1.543676333
10/28/2016 11900 0.05659 1.647726503
10/29/2016 10800 0.05591 1.47744635
10/30/2016 10500 0.05564 1.429469496
10/31/2016 10400 0.05548 1.411784026
11/1/2016 9910 0.0551 1.336053119
11/2/2016 7117 0.05318 0.926069904
11/3/2016 6530 0.05263 0.840901299
11/4/2016 9340 0.05443 1.243894886
11/5/2016 8020 0.05349 1.049652243
11/6/2016 8710 0.05382 1.146991819
11/7/2016 9380 0.05412 1.242107254
11/8/2016 7470 0.05278 0.964691517
11/9/2016 5750 0.05134 0.722307594
11/10/2016 5890 0.05135 0.74003833
11/11/2016 4810 0.05027 0.591633059
11/12/2016 4070 0.04941 0.492048299
11/13/2016 4230 0.04947 0.512012719
11/14/2016 3450 0.04847 0.409157566
11/15/2016 2920 0.04768 0.340657198
11/16/2016 3000 0.04768 0.349990272
11/17/2016 1810 0.04566 0.202214807
11/18/2016 1590 0.04509 0.175418677
11/19/2016 2610 0.0468 0.298871726
11/20/2016 4400 0.04885 0.525915192
11/21/2016 7300 0.05114 0.91344427
11/22/2016 8040 0.05151 1.013318731
11/23/2016 7980 0.05135 1.002632576
11/24/2016 10200 0.05253 1.311010121
11/25/2016 9350 0.05194 1.188261505
11/26/2016 11500 0.05294 1.489636308
11/27/2016 12700 0.05337 1.658438593
11/28/2016 14100 0.05385 1.857818538
11/29/2016 13800 0.0536 1.809849024
11/30/2016 13500 0.05334 1.761916212
12/1/2016 14700 0.0537 1.931479452
12/2/2016 14600 0.05353 1.912267178
12/3/2016 13700 0.05304 1.777962326
12/4/2016 13400 0.05279 1.730832065
12/5/2016 14100 0.05295 1.826768646
12/6/2016 12700 0.05223 1.623013823
12/7/2016 12700 0.0521 1.618974156
12/8/2016 12500 0.05189 1.58705565
12/9/2016 12100 0.05159 1.527387985
12/10/2016 12200 0.0515 1.53732444
12/11/2016 12300 0.05142 1.547517809
12/12/2016 12300 0.0513 1.543906332
12/13/2016 11800 0.05095 1.471040628
12/14/2016 11500 0.05069 1.426325358
12/15/2016 10000 0.04983 1.21924044
12/16/2016 8890 0.04911 1.068243274
12/17/2016 8580 0.04882 1.024904818
12/18/2016 7280 0.0479 0.853228522
12/19/2016 8840 0.04873 1.054015866
12/20/2016 9780 0.04912 1.17542706
12/21/2016 10700 0.04947 1.295162197
12/22/2016 10700 0.04935 1.292020506
12/23/2016 10500 0.04914 1.262475396
12/24/2016 10500 0.04903 1.259649342
12/25/2016 10600 0.04896 1.269830477
12/26/2016 11000 0.04904 1.319901792
12/27/2016 12500 0.0496 1.517016
12/28/2016 13000 0.0497 1.58087748
12/29/2016 13300 0.04971 1.617684692
12/30/2016 13600 0.04971 1.654173821
12/31/2016 11200 0.04858 1.331294093
