1 1 2013 0 0 0.42931
1 2 2013 0 0 0.42931
1 3 2013 0 0 0.42931
1 4 2013 0 0 0.42931
1 5 2013 0 0 0.42931
1 6 2013 0 0 0.42931
1 7 2013 0 0 0.42931
1 8 2013 0 0 0.42931
1 9 2013 0 0 0.42931
1 10 2013 0 0 0.42931
1 11 2013 0 0 0.42931
1 12 2013 0 0 0.42931
1 13 2013 0 0 0.42931
1 14 2013 0 0 0.42931
1 15 2013 0 0 0.42931
1 16 2013 0 0 0.42931
1 17 2013 0 0 0.42931
1 18 2013 0 0 0.42931
1 19 2013 0 0 0.42931
1 20 2013 0 0 0.42931
1 21 2013 0 0 0.42931
1 22 2013 0 0 0.42931
1 23 2013 0 0 0.42931
1 24 2013 0 0 0.42931
1 25 2013 0 0 0.42931
1 26 2013 0 0 0.42931
1 27 2013 0 0 0.42931
1 28 2013 0 0 0.42931
1 29 2013 0 0 0.42931
1 30 2013 0 0 0.42931
1 31 2013 0 0 0.42931
2 1 2013 0 0 0.42931
2 2 2013 0 0 0.42931
2 3 2013 0 0 0.42931
2 4 2013 0 0 0.42931
2 5 2013 0 0 0.42931
2 6 2013 0 0 0.42931
2 7 2013 0 0 0.42931
2 8 2013 0 0 0.42931
2 9 2013 0 0 0.42931
2 10 2013 0 0 0.42931
2 11 2013 0 0 0.42931
2 12 2013 0 0 0.42931
2 13 2013 0 0 0.42931
2 14 2013 0 0 0.42931
2 15 2013 0 0 0.42931
2 16 2013 0 0 0.42931
2 17 2013 0 0 0.42931
2 18 2013 0 0 0.42931
2 19 2013 0 0 0.42931
2 20 2013 0 0 0.42931
2 21 2013 0 0 0.42931
2 22 2013 0 0 0.42931
2 23 2013 0 0 0.42931
2 24 2013 0 0 0.42931
2 25 2013 0 0 0.42931
2 26 2013 0 0 0.42931
2 27 2013 0 0 0.42931
2 28 2013 0 0 0.42931
3 1 2013 0 0 0.42931
3 2 2013 0 0 0.42931
3 3 2013 0 0 0.42931
3 4 2013 0 0 0.42931
3 5 2013 0 0 0.42931
3 6 2013 0 0 0.42931
3 7 2013 0 0 0.42931
3 8 2013 0 0 0.42931
3 9 2013 0 0 0.42931
3 10 2013 0 0 0.42931
3 11 2013 0 0 0.42931
3 12 2013 0 0 0.42931
3 13 2013 0 0 0.42931
3 14 2013 0 0 0.42931
3 15 2013 0 0 0.42931
3 16 2013 0 0 0.42931
3 17 2013 0 0 0.42931
3 18 2013 0 0 0.42931
3 19 2013 0 0 0.42931
3 20 2013 0 0 0.42931
3 21 2013 0 0 0.42931
3 22 2013 0 0 0.42931
3 23 2013 0 0 0.42931
3 24 2013 0 0 0.42931
3 25 2013 0 0 0.42931
3 26 2013 0 0 0.42931
3 27 2013 0 0 0.42931
3 28 2013 0 0 0.42931
3 29 2013 0 0 0.42931
3 30 2013 0 0 0.42931
3 31 2013 0 0 0.42931
4 1 2013 0 0 0.42931
4 2 2013 0 0 0.42931
4 3 2013 0 0 0.42931
4 4 2013 0 0 0.42931
4 5 2013 0 0 0.42931
4 6 2013 0 0 0.42931
4 7 2013 0 0 0.42931
4 8 2013 0 0 0.42931
4 9 2013 0 0 0.42931
4 10 2013 0 0 0.42931
4 11 2013 0 0 0.42931
4 12 2013 0 0 0.42931
4 13 2013 0 0 0.42931
4 14 2013 0 0 0.42931
4 15 2013 0 0 0.42931
4 16 2013 0 0 0.42931
4 17 2013 0 0 0.42931
4 18 2013 0 0 0.42931
4 19 2013 0 0 0.42931
4 20 2013 0 0 0.42931
4 21 2013 0 0 0.42931
4 22 2013 0 0 0.42931
4 23 2013 0 0 0.42931
4 24 2013 0 0 0.42931
4 25 2013 0 0 0.42931
4 26 2013 0 0 0.42931
4 27 2013 0 0 0.42931
4 28 2013 0 0 0.42931
4 29 2013 0 0 0.42931
4 30 2013 0 0 0.42931
5 1 2013 0 0 0.42931
5 2 2013 0 0 0.42931
5 3 2013 0 0 0.42931
5 4 2013 0 0 0.42931
5 5 2013 0 0 0.42931
5 6 2013 0 0 0.42931
5 7 2013 0 0 0.42931
5 8 2013 0 0 0.42931
5 9 2013 0 0 0.42931
5 10 2013 0 0 0.42931
5 11 2013 0 0 0.42931
5 12 2013 0 0 0.42931
5 13 2013 0 0 0.42931
5 14 2013 0 0 0.42931
5 15 2013 0 0 0.42931
5 16 2013 0 0 0.42931
5 17 2013 0 0 0.42931
5 18 2013 0 0 0.42931
5 19 2013 0 0 0.42931
5 20 2013 0 0 0.42931
5 21 2013 0 0 0.42931
5 22 2013 0 0 0.42931
5 23 2013 0 0 0.42931
5 24 2013 0 0 0.42931
5 25 2013 0 0 0.42931
5 26 2013 0 0 0.42931
5 27 2013 0 0 0.42931
5 28 2013 0 0 0.42931
5 29 2013 0 0 0.42931
5 30 2013 0 0 0.42931
5 31 2013 0 0 0.42931
6 1 2013 0 0 0.42931
6 2 2013 0 0 0.42931
6 3 2013 0 0 0.42931
6 4 2013 0 0 0.42931
6 5 2013 0 0 0.42931
6 6 2013 0 0 0.42931
6 7 2013 0 0 0.42931
6 8 2013 0 0 0.42931
6 9 2013 0 0 0.42931
6 10 2013 0 0 0.42931
6 11 2013 0 0 0.42931
6 12 2013 0 0 0.42931
6 13 2013 0 0 0.42931
6 14 2013 0 0 0.42931
6 15 2013 0 0 0.42931
6 16 2013 0 0 0.42931
6 17 2013 0 0 0.42931
6 18 2013 0 0 0.42931
6 19 2013 0 0 0.42931
6 20 2013 0 0 0.42931
6 21 2013 0 0 0.42931
6 22 2013 0 0 0.42931
6 23 2013 0 0 0.42931
6 24 2013 0 0 0.42931
6 25 2013 0 0 0.42931
6 26 2013 0 0 0.42931
6 27 2013 0 0 0.42931
6 28 2013 0 0 0.42931
6 29 2013 0 0 0.42931
6 30 2013 0 0 0.42931
7 1 2013 0 0 0.42931
7 2 2013 0 0 0.42931
7 3 2013 0 0 0.42931
7 4 2013 0 0 0.42931
7 5 2013 0 0 0.42931
7 6 2013 0 0 0.42931
7 7 2013 0 0 0.42931
7 8 2013 0 0 0.42931
7 9 2013 0 0 0.42931
7 10 2013 0 0 0.42931
7 11 2013 0 0 0.42931
7 12 2013 0 0 0.42931
7 13 2013 0 0 0.42931
7 14 2013 0 0 0.42931
7 15 2013 0 0 0.42931
7 16 2013 0 0 0.42931
7 17 2013 0 0 0.42931
7 18 2013 0 0 0.42931
7 19 2013 0 0 0.42931
7 20 2013 0 0 0.42931
7 21 2013 0 0 0.42931
7 22 2013 0 0 0.42931
7 23 2013 0 0 0.42931
7 24 2013 0 0 0.42931
7 25 2013 0 0 0.42931
7 26 2013 0 0 0.42931
7 27 2013 0 0 0.42931
7 28 2013 0 0 0.42931
7 29 2013 0 0 0.42931
7 30 2013 0 0 0.42931
7 31 2013 0 0 0.42931
8 1 2013 0 0 0.42931
8 2 2013 0 0 0.42931
8 3 2013 0 0 0.42931
8 4 2013 0 0 0.42931
8 5 2013 0 0 0.42931
8 6 2013 0 0 0.42931
8 7 2013 0 0 0.42931
8 8 2013 0 0 0.42931
8 9 2013 0 0 0.42931
8 10 2013 0 0 0.42931
8 11 2013 0 0 0.42931
8 12 2013 0 0 0.42931
8 13 2013 0 0 0.42931
8 14 2013 0 0 0.42931
8 15 2013 0 0 0.42931
8 16 2013 0 0 0.42931
8 17 2013 0 0 0.42931
8 18 2013 0 0 0.42931
8 19 2013 0 0 0.42931
8 20 2013 0 0 0.42931
8 21 2013 0 0 0.42931
8 22 2013 0 0 0.42931
8 23 2013 0 0 0.42931
8 24 2013 0 0 0.42931
8 25 2013 0 0 0.42931
8 26 2013 0 0 0.42931
8 27 2013 0 0 0.42931
8 28 2013 0 0 0.42931
8 29 2013 0 0 0.42931
8 30 2013 0 0 0.42931
8 31 2013 0 0 0.42931
9 1 2013 0 0 0.42931
9 2 2013 0 0 0.42931
9 3 2013 0 0 0.42931
9 4 2013 0 0 0.42931
9 5 2013 0 0 0.42931
9 6 2013 0 0 0.42931
9 7 2013 0 0 0.42931
9 8 2013 0 0 0.42931
9 9 2013 0 0 0.42931
9 10 2013 0 0 0.42931
9 11 2013 0 0 0.42931
9 12 2013 0 0 0.42931
9 13 2013 0 0 0.42931
9 14 2013 0 0 0.42931
9 15 2013 0 0 0.42931
9 16 2013 0 0 0.42931
9 17 2013 0 0 0.42931
9 18 2013 0 0 0.42931
9 19 2013 0 0 0.42931
9 20 2013 0 0 0.42931
9 21 2013 0 0 0.42931
9 22 2013 0 0 0.42931
9 23 2013 0 0 0.42931
9 24 2013 0 0 0.42931
9 25 2013 0 0 0.42931
9 26 2013 0 0 0.42931
9 27 2013 0 0 0.42931
9 28 2013 0 0 0.42931
9 29 2013 0 0 0.42931
9 30 2013 0 0 0.42931
10 1 2013 0 0 0.42931
10 2 2013 0 0 0.42931
10 3 2013 0 0 0.42931
10 4 2013 0 0 0.42931
10 5 2013 0 0 0.42931
10 6 2013 0 0 0.42931
10 7 2013 0 0 0.42931
10 8 2013 0 0 0.42931
10 9 2013 0 0 0.42931
10 10 2013 0 0 0.42931
10 11 2013 0 0 0.42931
10 12 2013 0 0 0.42931
10 13 2013 0 0 0.42931
10 14 2013 0 0 0.42931
10 15 2013 0 0 0.42931
10 16 2013 0 0 0.42931
10 17 2013 0 0 0.42931
10 18 2013 0 0 0.42931
10 19 2013 0 0 0.42931
10 20 2013 0 0 0.42931
10 21 2013 0 0 0.42931
10 22 2013 0 0 0.42931
10 23 2013 0 0 0.42931
10 24 2013 0 0 0.42931
10 25 2013 0 0 0.42931
10 26 2013 0 0 0.42931
10 27 2013 0 0 0.42931
10 28 2013 0 0 0.42931
10 29 2013 0 0 0.42931
10 30 2013 0 0 0.42931
10 31 2013 0 0 0.42931
11 1 2013 0 0 0.42931
11 2 2013 0 0 0.42931
11 3 2013 0 0 0.42931
11 4 2013 0 0 0.42931
11 5 2013 0 0 0.42931
11 6 2013 0 0 0.42931
11 7 2013 0 0 0.42931
11 8 2013 0 0 0.42931
11 9 2013 0 0 0.42931
11 10 2013 0 0 0.42931
11 11 2013 0 0 0.42931
11 12 2013 0 0 0.42931
11 13 2013 0 0 0.42931
11 14 2013 0 0 0.42931
11 15 2013 0 0 0.42931
11 16 2013 0 0 0.42931
11 17 2013 0 0 0.42931
11 18 2013 0 0 0.42931
11 19 2013 0 0 0.42931
11 20 2013 0 0 0.42931
11 21 2013 0 0 0.42931
11 22 2013 0 0 0.42931
11 23 2013 0 0 0.42931
11 24 2013 0 0 0.42931
11 25 2013 0 0 0.42931
11 26 2013 0 0 0.42931
11 27 2013 0 0 0.42931
11 28 2013 0 0 0.42931
11 29 2013 0 0 0.42931
11 30 2013 0 0 0.42931
12 1 2013 0 0 0.42931
12 2 2013 0 0 0.42931
12 3 2013 0 0 0.42931
12 4 2013 0 0 0.42931
12 5 2013 0 0 0.42931
12 6 2013 0 0 0.42931
12 7 2013 0 0 0.42931
12 8 2013 0 0 0.42931
12 9 2013 0 0 0.42931
12 10 2013 0 0 0.42931
12 11 2013 0 0 0.42931
12 12 2013 0 0 0.42931
12 13 2013 0 0 0.42931
12 14 2013 0 0 0.42931
12 15 2013 0 0 0.42931
12 16 2013 0 0 0.42931
12 17 2013 0 0 0.42931
12 18 2013 0 0 0.42931
12 19 2013 0 0 0.42931
12 20 2013 0 0 0.42931
12 21 2013 0 0 0.42931
12 22 2013 0 0 0.42931
12 23 2013 0 0 0.42931
12 24 2013 0 0 0.42931
12 25 2013 0 0 0.42931
12 26 2013 0 0 0.42931
12 27 2013 0 0 0.42931
12 28 2013 0 0 0.42931
12 29 2013 0 0 0.42931
12 30 2013 0 0 0.42931
12 31 2013 0 0 0.42931
