1  1  2013 108 0.1087 0.028724453
1  2  2013 92.4 0.11154 0.025217445
1  3  2013 104 0.10904 0.027747103
1  4  2013 104 0.10893 0.027719112
1  5  2013 103 0.10899 0.027467703
1  6  2013 109 0.10802 0.028809064
1  7  2013 133 0.10629 0.034589359
1  8  2013 144.3 0.10619 0.037492847
1  9  2013 137 0.10608 0.035559247
1  10  2013 235 0.11363 0.065337023
1  11  2013 241 0.11436 0.067435668
1  12  2013 298 0.12275 0.089502721
1  13  2013 424 0.14536 0.150802744
1  14  2013 480 0.15659 0.183909318
1  15  2013 360 0.13323 0.117355379
1  16  2013 260 0.11681 0.074310784
1  17  2013 170 0.10681 0.04442826
1  18  2013 124 0.10614 0.032203216
1  19  2013 112 0.10709 0.029347115
1  20  2013 114 0.10689 0.029815384
1  21  2013 96.8 0.10949 0.025932733
1  22  2013 68.3 0.12058 0.0201509
1  23  2013 69.7 0.11974 0.020420694
1  24  2013 78.9 0.11508 0.022216484
1  25  2013 72.9 0.118 0.021047863
1  26  2013 70.9 0.11917 0.020673388
1  27  2013 71 0.11918 0.020704283
1  28  2013 72.3 0.11852 0.020966619
1  29  2013 159 0.10662 0.041479573
1  30  2013 1040 0.29825 0.758948424
1  31  2013 1020 0.2927 0.730501927
2  1  2013 661 0.19805 0.320313157
2  2  2013 318 0.12684 0.098691972
2  3  2013 194 0.10966 0.052053321
2  4  2013 168 0.10771 0.044275531
2  5  2013 126 0.10718 0.033043251
2  6  2013 122 0.10752 0.032095752
2  7  2013 102 0.1099 0.027428139
2  8  2013 98.1 0.11078 0.026590643
2  9  2013 74.5 0.11885 0.021664762
2  10  2013 94.1 0.112 0.025787315
2  11  2013 134 0.10784 0.03535763
2  12  2013 270 0.12078 0.079791616
2  13  2013 291 0.12428 0.088489696
2  14  2013 291 0.1245 0.088646341
2  15  2013 325 0.13047 0.103751049
2  16  2013 313 0.12864 0.098518738
2  17  2013 223 0.1153 0.062911877
2  18  2013 126 0.10947 0.033749251
2  19  2013 241 0.11814 0.069664653
2  20  2013 395 0.14487 0.140014827
2  21  2013 250 0.11992 0.073355064
2  22  2013 175 0.11158 0.04777744
2  23  2013 131 0.11048 0.035412243
2  24  2013 127 0.11088 0.03445525
2  25  2013 123 0.11135 0.033511495
2  26  2013 119 0.11189 0.032578922
2  27  2013 929 0.27994 0.636325231
2  28  2013 1120 0.33895 0.928864003
3  1  2013 849 0.25854 0.537073726
3  2  2013 476 0.1655 0.19275401
3  3  2013 271 0.12618 0.083667788
3  4  2013 179.3 0.11482 0.050372825
3  5  2013 162 0.11393 0.045159756
3  6  2013 141 0.11361 0.039195314
3  7  2013 175 0.11545 0.049434536
3  8  2013 218 0.12029 0.064162975
3  9  2013 234 0.1228 0.070309287
3  10  2013 211 0.12016 0.06203558
3  11  2013 215 0.12103 0.063669284
3  12  2013 199 0.11952 0.058195866
3  13  2013 185 0.11848 0.05363092
3  14  2013 161 0.11707 0.046117947
3  15  2013 143 0.11685 0.040884927
3  16  2013 127 0.11748 0.036506158
3  17  2013 116 0.11865 0.033676287
3  18  2013 102 0.12101 0.030200901
3  19  2013 101 0.12163 0.030058033
3  20  2013 105 0.12132 0.031168806
3  21  2013 100 0.12269 0.030019789
3  22  2013 97 0.12379 0.029380269
3  23  2013 99.3 0.12371 0.030057477
3  24  2013 108 0.12258 0.032392304
3  25  2013 111 0.12261 0.033300238
3  26  2013 109 0.12333 0.032892259
3  27  2013 97.5 0.12595 0.03004701
3  28  2013 103 0.12525 0.031565555
3  29  2013 95.8 0.12731 0.029841902
3  30  2013 94.2 0.12822 0.029553243
3  31  2013 88 0.13063 0.028127043
4  1  2013 82.2 0.13341 0.026832348
4  2  2013 92.83 0.13009 0.02954818
4  3  2013 75.1 0.13805 0.025367334
4  4  2013 75 0.13864 0.025441826
4  5  2013 77.7 0.13769 0.026177122
4  6  2013 65.7 0.14636 0.023528067
4  7  2013 71.8 0.14231 0.025001055
4  8  2013 65.3 0.14787 0.023626083
4  9  2013 80.1 0.13865 0.02717383
4  10  2013 305 0.15062 0.11240379
4  11  2013 714 0.25615 0.447497943
4  12  2013 1083 0.38017 1.007406552
4  13  2013 1160 0.41015 1.164123823
4  14  2013 546 0.21104 0.281939479
4  15  2013 292 0.15107 0.107934318
4  16  2013 188 0.13486 0.062035384
4  17  2013 158 0.13287 0.051366798
4  18  2013 139 0.13288 0.045193179
4  19  2013 131 0.13355 0.042806888
4  20  2013 115 0.13525 0.038056916
4  21  2013 115 0.1358 0.038211676
4  22  2013 109 0.13717 0.036583404
4  23  2013 115 0.1369 0.038521196
4  24  2013 96.1 0.14108 0.033173196
4  25  2013 154 0.13703 0.051633891
4  26  2013 146 0.13731 0.049051636
4  27  2013 139 0.13779 0.046863096
4  28  2013 142 0.13836 0.048072573
4  29  2013 144 0.13894 0.048954008
4  30  2013 150 0.13964 0.051250673
5  1  2013 148 0.14014 0.050748394
5  2  2013 139 0.14057 0.047808588
5  3  2013 138 0.14113 0.04765373
5  4  2013 140 0.14168 0.048532767
5  5  2013 134 0.1423 0.046656072
5  6  2013 137.7 0.14277 0.048102691
5  7  2013 134 0.14341 0.047020009
5  8  2013 132 0.14402 0.046515234
5  9  2013 140 0.14446 0.049485062
5  10  2013 136 0.14503 0.048260879
5  11  2013 138 0.14556 0.049149557
5  12  2013 135 0.14615 0.048275976
5  13  2013 134 0.14672 0.048105262
5  14  2013 139 0.1472 0.050063485
5  15  2013 132 0.14786 0.047755468
5  16  2013 130 0.14848 0.047229112
5  17  2013 131 0.14898 0.047752679
5  18  2013 121 0.15015 0.044453829
5  19  2013 122 0.1506 0.044955546
5  20  2013 118 0.15152 0.043747218
5  21  2013 100 0.15534 0.038008591
5  22  2013 124 0.15202 0.046123354
5  23  2013 123 0.15262 0.045931966
5  24  2013 125 0.15299 0.046791992
5  25  2013 132 0.15313 0.04945756
5  26  2013 115 0.15502 0.043619838
5  27  2013 118 0.15515 0.04479528
5  28  2013 123 0.15516 0.046696395
5  29  2013 292 0.17828 0.127374927
5  30  2013 261 0.17192 0.109790656
5  31  2013 162 0.15684 0.06216849
6  1  2013 131 0.15661 0.050198329
6  2  2013 557 0.25661 0.349725455
6  3  2013 489 0.23566 0.281963702
6  4  2013 342 0.19398 0.16232355
6  5  2013 181 0.16102 0.071311056
6  6  2013 187 0.16221 0.074219445
6  7  2013 363 0.20123 0.178730152
6  8  2013 272 0.17887 0.11904328
6  9  2013 192 0.1642 0.077138796
6  10  2013 161 0.16124 0.063518047
6  11  2013 301 0.18712 0.13781141
6  12  2013 232 0.17223 0.097767668
6  13  2013 336 0.19701 0.161966807
6  14  2013 439 0.22694 0.243766512
6  15  2013 281 0.18408 0.126564351
6  16  2013 179 0.16531 0.072402011
6  17  2013 145.3 0.1632 0.058020871
6  18  2013 123 0.16415 0.049401993
6  19  2013 114 0.16557 0.046183301
6  20  2013 115 0.16576 0.04664188
6  21  2013 116 0.16594 0.047098551
6  22  2013 115 0.1664 0.046821965
6  23  2013 118 0.1663 0.048014535
6  24  2013 110 0.16784 0.0451738
6  25  2013 108 0.16853 0.044534794
6  26  2013 107 0.16902 0.044250721
6  27  2013 107 0.16929 0.044321409
6  28  2013 173 0.16835 0.071261949
6  29  2013 652 0.30643 0.488851946
6  30  2013 458 0.23969 0.268604859
7  1  2013 324 0.20037 0.158845962
7  2  2013 176.3 0.16965 0.073182063
7  3  2013 146 0.16759 0.059868645
7  4  2013 136 0.16775 0.055821295
7  5  2013 139 0.16789 0.057100262
7  6  2013 134 0.16813 0.055124985
7  7  2013 133 0.16832 0.054775435
7  8  2013 120 0.16939 0.049735614
7  9  2013 112 0.17066 0.046767939
7  10  2013 98.6 0.17403 0.041985517
7  11  2013 113 0.17073 0.047204865
7  12  2013 101 0.17352 0.042881442
7  13  2013 101 0.17361 0.042903684
7  14  2013 97.8 0.17468 0.041800407
7  15  2013 102.9 0.17318 0.043602519
7  16  2013 102 0.17352 0.043306011
7  17  2013 89.6 0.17803 0.039030101
7  18  2013 102 0.17359 0.043323481
7  19  2013 99.3 0.1744 0.042373487
7  20  2013 310 0.199 0.150943092
7  21  2013 222 0.17862 0.097024526
7  22  2013 239 0.182 0.106430906
7  23  2013 166 0.17034 0.069186793
7  24  2013 145 0.16909 0.059990765
7  25  2013 115 0.17071 0.048034721
7  26  2013 109 0.1717 0.045792596
7  27  2013 102 0.1733 0.043251105
7  28  2013 109 0.17154 0.045749924
7  29  2013 103 0.17284 0.043559206
7  30  2013 101 0.17327 0.042819661
7  31  2013 98.8 0.17381 0.042017497
8  1  2013 108 0.17126 0.045256209
8  2  2013 115 0.16984 0.047789919
8  3  2013 127 0.16839 0.052326115
8  4  2013 118 0.16909 0.048820071
8  5  2013 71 0.18877 0.032793653
8  6  2013 102 0.17185 0.042889223
8  7  2013 96 0.17352 0.040758599
8  8  2013 115 0.16871 0.047471957
8  9  2013 126 0.16727 0.051568806
8  10  2013 122 0.16738 0.049964537
8  11  2013 117 0.16772 0.048014144
8  12  2013 108 0.16899 0.044656351
8  13  2013 106 0.16916 0.043873473
8  14  2013 107 0.16866 0.04415647
8  15  2013 97.8 0.17084 0.040881506
8  16  2013 98.3 0.17038 0.040979873
8  17  2013 96 0.17082 0.040124388
8  18  2013 93.4 0.17144 0.039179375
8  19  2013 93.2 0.17118 0.039036188
8  20  2013 108.4 0.1665 0.044161314
8  21  2013 93.4 0.1704 0.038941703
8  22  2013 93.1 0.17015 0.038759673
8  23  2013 101 0.16716 0.041309716
8  24  2013 95.3 0.16858 0.039309491
8  25  2013 89.1 0.17065 0.037203386
8  26  2013 93.1 0.16859 0.03840431
8  27  2013 114 0.16285 0.045424597
8  28  2013 104 0.1644 0.041834408
8  29  2013 104 0.16398 0.041727531
8  30  2013 100 0.16461 0.040276775
8  31  2013 96.1 0.16538 0.038887036
9  1  2013 95.6 0.1651 0.038619215
9  2  2013 97.2 0.16412 0.039032489
9  3  2013 94 0.16475 0.037892368
9  4  2013 95.2 0.16385 0.038166459
9  5  2013 96 0.16311 0.038313365
9  6  2013 92 0.16406 0.036930825
9  7  2013 94.9 0.16251 0.037735037
9  8  2013 98.5 0.16086 0.038768836
9  9  2013 94.4 0.16169 0.03734682
9  10  2013 97.1 0.16028 0.038080008
9  11  2013 108 0.15704 0.041498511
9  12  2013 88.1 0.16261 0.035052712
9  13  2013 102 0.15736 0.039272902
9  14  2013 93.4 0.15945 0.036439287
9  15  2013 95.1 0.15832 0.036839588
9  16  2013 93.7 0.15827 0.036285797
9  17  2013 101.5 0.15542 0.038598588
9  18  2013 92.4 0.15765 0.035642193
9  19  2013 94 0.15653 0.036001775
9  20  2013 98 0.15471 0.037097354
9  21  2013 169 0.15044 0.062208324
9  22  2013 256 0.16306 0.102137653
9  23  2013 173 0.14971 0.063371704
9  24  2013 162 0.14828 0.058775464
9  25  2013 121 0.1478 0.043758082
9  26  2013 103 0.15008 0.037823222
9  27  2013 99 0.15052 0.036460941
9  28  2013 94.3 0.15136 0.034923783
9  29  2013 91.2 0.15187 0.033889511
9  30  2013 89.8 0.15182 0.033358291
10  1  2013 88.5 0.15175 0.032860218
10  2  2013 87.6 0.15154 0.032481035
10  3  2013 87.6 0.15095 0.032354575
10  4  2013 107 0.14473 0.037891414
10  5  2013 119 0.14245 0.041477053
10  6  2013 161 0.14157 0.05576935
10  7  2013 223 0.1483 0.080917878
10  8  2013 214 0.14633 0.076620612
10  9  2013 177 0.14116 0.061134081
10  10  2013 145 0.13871 0.049212366
10  11  2013 115 0.13954 0.039264044
10  12  2013 103 0.14101 0.035537397
10  13  2013 97.4 0.14181 0.033795921
10  14  2013 106 0.13927 0.036121179
10  15  2013 108 0.13835 0.036559596
10  16  2013 102 0.13897 0.034683243
10  17  2013 120 0.13568 0.039837819
10  18  2013 157 0.13472 0.051752365
10  19  2013 150 0.13389 0.049140308
10  20  2013 162 0.13391 0.05307946
10  21  2013 138 0.13268 0.044800517
10  22  2013 145 0.13217 0.046892066
10  23  2013 159 0.13213 0.051404014
10  24  2013 152 0.13129 0.048828537
10  25  2013 134 0.13062 0.042826536
10  26  2013 126 0.13041 0.040204986
10  27  2013 155 0.12983 0.049238547
10  28  2013 157 0.12941 0.049712541
10  29  2013 148 0.12857 0.046558591
10  30  2013 125 0.12841 0.039274199
10  31  2013 126 0.12784 0.039412663
11  1  2013 291 0.14564 0.103698418
11  2  2013 309 0.14852 0.112290209
11  3  2013 284 0.14321 0.099515369
11  4  2013 176 0.12715 0.054755469
11  5  2013 159 0.1255 0.048824671
11  6  2013 139 0.12451 0.042346498
11  7  2013 153 0.12427 0.046521767
11  8  2013 167 0.12453 0.050884901
11  9  2013 166 0.124 0.050364931
11  10  2013 155 0.12295 0.046629279
11  11  2013 147 0.12224 0.043967234
11  12  2013 195 0.12518 0.059726633
11  13  2013 187 0.12389 0.056686068
11  14  2013 173 0.12221 0.051731053
11  15  2013 145 0.12043 0.042726878
11  16  2013 129 0.12018 0.037933279
11  17  2013 122 0.12013 0.035859958
11  18  2013 152 0.11931 0.044373012
11  19  2013 158 0.11913 0.046054991
11  20  2013 139 0.11829 0.040231044
11  21  2013 118 0.11879 0.034297334
11  22  2013 121 0.11814 0.034976859
11  23  2013 161 0.11767 0.046354308
11  24  2013 153 0.11694 0.043777705
11  25  2013 130 0.1165 0.037056786
11  26  2013 107 0.11814 0.03092995
11  27  2013 110 0.11734 0.031581826
11  28  2013 125 0.11561 0.035359319
11  29  2013 139 0.11486 0.039064483
11  30  2013 112 0.116 0.031788826
12  1  2013 127 0.11445 0.035564605
12  2  2013 141 0.11383 0.039271213
12  3  2013 173 0.11481 0.04859866
12  4  2013 172 0.11441 0.048149403
12  5  2013 201 0.11671 0.057398772
12  6  2013 199 0.11618 0.056569576
12  7  2013 196 0.11555 0.055414637
12  8  2013 165 0.11272 0.045507544
12  9  2013 125 0.11202 0.034261317
12  10  2013 111 0.11292 0.030668485
12  11  2013 89.2 0.11704 0.025544514
12  12  2013 91.5 0.11609 0.025990485
12  13  2013 97.2 0.1144 0.027207633
12  14  2013 89.8 0.11602 0.025492221
12  15  2013 77.3 0.12045 0.022781629
12  16  2013 103 0.11249 0.028349775
12  17  2013 86.2 0.11637 0.024544081
12  18  2013 116 0.11033 0.031314832
12  19  2013 122 0.10964 0.032728593
12  20  2013 126 0.1092 0.033666011
12  21  2013 317 0.12912 0.100150069
12  22  2013 1360 0.40666 1.353221336
12  23  2013 1850 0.59075 2.674077135
12  24  2013 1050 0.30607 0.78633668
12  25  2013 495 0.16279 0.197165713
12  26  2013 327 0.12973 0.10379744
12  27  2013 245 0.11664 0.069921714
12  28  2013 218 0.113 0.060274471
12  29  2013 263 0.11887 0.076493844
12  30  2013 289 0.12269 0.086757191
12  31  2013 205 0.11109 0.055722077
