1  1  2013 2430 0.05719 0.340035956
1  2  2013 2220 0.05265 0.285989324
1  3  2013 2010 0.04845 0.238280395
1  4  2013 2150 0.05081 0.267292102
1  5  2013 2320 0.05387 0.305797149
1  6  2013 2263 0.05251 0.290753562
1  7  2013 2322 0.05341 0.303447291
1  8  2013 2280 0.05235 0.292045154
1  9  2013 2270 0.05192 0.288375933
1  10  2013 2827 0.06331 0.437921829
1  11  2013 3160 0.07085 0.547804265
1  12  2013 5296 0.13675 1.77204107
1  13  2013 7280 0.2259 4.023889834
1  14  2013 7040 0.21257 3.661618583
1  15  2013 6770 0.19836 3.285800869
1  16  2013 7090 0.21345 3.702890471
1  17  2013 6570 0.18739 3.012383448
1  18  2013 6320 0.17534 2.711418484
1  19  2013 6180 0.16858 2.549135942
1  20  2013 5970 0.15909 2.32389063
1  21  2013 5570 0.14253 1.94249519
1  22  2013 4770 0.11339 1.32340145
1  23  2013 2550 0.05456 0.34041839
1  24  2013 1590 0.03811 0.148263601
1  25  2013 1290 0.03423 0.108042614
1  26  2013 1220 0.03337 0.099612654
1  27  2013 1387 0.03514 0.119255026
1  28  2013 1330 0.03438 0.111880909
1  29  2013 1780 0.04028 0.175431645
1  30  2013 3780 0.08169 0.755542968
1  31  2013 7080 0.20317 3.5195838
2  1  2013 7070 0.20221 3.498005716
2  2  2013 6850 0.19135 3.207136983
2  3  2013 6760 0.18679 3.089575339
2  4  2013 6820 0.18915 3.15637934
2  5  2013 7010 0.19764 3.38993472
2  6  2013 6640 0.18029 2.929126918
2  7  2013 5600 0.13755 1.884721104
2  8  2013 4870 0.11194 1.333867637
2  9  2013 3900 0.08319 0.793842239
2  10  2013 2180 0.04563 0.243391515
2  11  2013 2550 0.05224 0.325943122
2  12  2013 3490 0.07246 0.618759997
2  13  2013 3910 0.08301 0.794155674
2  14  2013 3450 0.07134 0.602213756
2  15  2013 3270 0.06707 0.536629485
2  16  2013 3110 0.06342 0.482597534
2  17  2013 2900 0.05888 0.417795994
2  18  2013 2230 0.04612 0.251647508
2  19  2013 2120 0.04424 0.229482436
2  20  2013 2300 0.04729 0.266131096
2  21  2013 1940 0.04133 0.196184913
2  22  2013 1720 0.03807 0.160217443
2  23  2013 1560 0.0359 0.137030587
2  24  2013 1860 0.0401 0.182497025
2  25  2013 1750 0.03849 0.164810331
2  26  2013 1460 0.03466 0.123816888
2  27  2013 1960 0.04165 0.199742071
2  28  2013 3300 0.06758 0.545670655
3  1  2013 4760 0.10723 1.248882933
3  2  2013 4190 0.09035 0.926276512
3  3  2013 3370 0.06933 0.57167549
3  4  2013 2780 0.05652 0.384454918
3  5  2013 2460 0.05037 0.303183477
3  6  2013 2100 0.04412 0.226700914
3  7  2013 2270 0.04707 0.261437889
3  8  2013 2620 0.05359 0.343544911
3  9  2013 2730 0.05584 0.372998022
3  10  2013 3000 0.06155 0.45180162
3  11  2013 4666 0.10547 1.204126605
3  12  2013 6248 0.16318 2.494631612
3  13  2013 8380 0.26961 5.528133048
3  14  2013 7890 0.24252 4.681909715
3  15  2013 7000 0.1977 3.38612652
3  16  2013 6540 0.17704 2.833006827
3  17  2013 6410 0.17175 2.693724939
3  18  2013 6030 0.15617 2.304164039
3  19  2013 5240 0.12649 1.621757636
3  20  2013 3840 0.08332 0.782850724
3  21  2013 2990 0.06277 0.459221052
3  22  2013 2700 0.05678 0.375109121
3  23  2013 2540 0.05372 0.333862924
3  24  2013 2330 0.04988 0.284368075
3  25  2013 2260 0.04874 0.269520892
3  26  2013 2360 0.05074 0.292995492
3  27  2013 2400 0.05166 0.303364051
3  28  2013 2640 0.05658 0.365481452
3  29  2013 2930 0.06297 0.451439738
3  30  2013 2880 0.06208 0.437464351
3  31  2013 3040 0.06591 0.490256508
4  1  2013 3417 0.07525 0.629143849
4  2  2013 3960 0.09022 0.874171172
4  3  2013 4230 0.09856 1.020092452
4  4  2013 3690 0.08334 0.752451191
4  5  2013 3040 0.06717 0.49962873
4  6  2013 2940 0.06512 0.468446711
4  7  2013 2890 0.06424 0.454257228
4  8  2013 2530 0.05667 0.350810195
4  9  2013 3010 0.06758 0.497717779
4  10  2013 3790 0.08826 0.818467813
4  11  2013 8333 0.2931 5.976069948
4  12  2013 9220 0.35483 8.004785966
4  13  2013 11570 0.55623 15.74657984
4  14  2013 9147 0.35277 7.895302896
4  15  2013 8840 0.33263 7.194691103
4  16  2013 8270 0.29591 5.987749503
4  17  2013 7680 0.26074 4.899675894
4  18  2013 7430 0.24739 4.49748192
4  19  2013 7400 0.2469 4.470450408
4  20  2013 6650 0.20733 3.373512043
4  21  2013 6600 0.20583 3.32392397
4  22  2013 5450 0.15329 2.044131347
4  23  2013 4530 0.11836 1.311902713
4  24  2013 3940 0.09916 0.955941271
4  25  2013 3090 0.07513 0.56802878
4  26  2013 2440 0.05987 0.357435395
4  27  2013 2320 0.05759 0.326914012
4  28  2013 2260 0.05663 0.313150762
4  29  2013 2340 0.05866 0.335858534
4  30  2013 2270 0.05748 0.319257485
5  1  2013 2350 0.05954 0.342353809
5  2  2013 2300 0.05879 0.330848956
5  3  2013 2010 0.05307 0.261001869
5  4  2013 1860 0.05047 0.229691393
5  5  2013 1710 0.04802 0.200917025
5  6  2013 1570 0.04589 0.176285334
5  7  2013 1762 0.04953 0.213536787
5  8  2013 1387 0.04353 0.147728266
5  9  2013 1540 0.04622 0.174160288
5  10  2013 1770 0.05057 0.219010377
5  11  2013 2210 0.05994 0.324121234
5  12  2013 3210 0.08634 0.678134046
5  13  2013 3100 0.08363 0.63434024
5  14  2013 2180 0.06036 0.321961689
5  15  2013 1900 0.05471 0.254342413
5  16  2013 1660 0.05036 0.204546608
5  17  2013 1630 0.05012 0.199892794
5  18  2013 1460 0.04745 0.169506964
5  19  2013 1230 0.04422 0.13308292
5  20  2013 1127 0.04313 0.118932855
5  21  2013 1220 0.04463 0.133224834
5  22  2013 1140 0.04385 0.122313085
5  23  2013 1300 0.04636 0.147463742
5  24  2013 1260 0.04605 0.141970676
5  25  2013 1290 0.04679 0.147686646
5  26  2013 1280 0.04693 0.146980255
5  27  2013 1190 0.04591 0.13367578
5  28  2013 1200 0.04634 0.136061654
5  29  2013 1850 0.05856 0.265076525
5  30  2013 3980 0.12433 1.210758363
5  31  2013 4730 0.15726 1.820027223
6  1  2013 3403 0.10428 0.868283291
6  2  2013 2380 0.0731 0.42568937
6  3  2013 2297 0.07131 0.400783564
6  4  2013 2567 0.07922 0.497575718
6  5  2013 2060 0.06612 0.333271777
6  6  2013 2190 0.06982 0.374129911
6  7  2013 5520 0.20523 2.771905337
6  8  2013 6510 0.26729 4.25757367
6  9  2013 5820 0.22516 3.20636306
6  10  2013 4140 0.13979 1.416038032
6  11  2013 3420 0.11141 0.932285119
6  12  2013 3760 0.12537 1.153399988
6  13  2013 5930 0.23734 3.443690426
6  14  2013 6958 0.30912 5.26271681
6  15  2013 8577 0.44847 9.411682728
6  16  2013 6230 0.26104 3.979179947
6  17  2013 3973 0.13822 1.343655473
6  18  2013 3170 0.10659 0.826749986
6  19  2013 2540 0.08575 0.532925274
6  20  2013 2100 0.07331 0.376687307
6  21  2013 2030 0.07183 0.356779897
6  22  2013 1730 0.06461 0.273491804
6  23  2013 1540 0.06063 0.228458205
6  24  2013 1220 0.05473 0.163374304
6  25  2013 1730 0.06568 0.278021076
6  26  2013 1470 0.06012 0.216239376
6  27  2013 1340 0.05781 0.189542341
6  28  2013 1630 0.06433 0.25656631
6  29  2013 2960 0.10519 0.76184152
6  30  2013 3470 0.1259 1.068940856
7  1  2013 2773 0.09948 0.674969452
7  2  2013 2610 0.09426 0.60195831
7  3  2013 3197 0.11649 0.911233659
7  4  2013 5310 0.22481 2.920845723
7  5  2013 3900 0.14846 1.416682519
7  6  2013 3150 0.1163 0.896372946
7  7  2013 2340 0.08747 0.500810535
7  8  2013 1920 0.07518 0.353184814
7  9  2013 1840 0.07331 0.330049831
7  10  2013 1430 0.06349 0.222146685
7  11  2013 1210 0.05933 0.175654059
7  12  2013 1340 0.06211 0.203640802
7  13  2013 1310 0.06176 0.197959822
7  14  2013 985 0.05656 0.136315143
7  15  2013 928 0.05614 0.127473191
7  16  2013 665 0.05543 0.090191372
7  17  2013 916.3 0.05646 0.12658348
7  18  2013 655 0.05592 0.089620412
7  19  2013 509 0.05866 0.073056408
7  20  2013 706 0.0561 0.096909429
7  21  2013 893 0.05708 0.124719366
7  22  2013 1100 0.05998 0.16143497
7  23  2013 846 0.05708 0.118155189
7  24  2013 1030 0.0593 0.149448097
7  25  2013 1280 0.06392 0.200191304
7  26  2013 988 0.0591 0.142870609
7  27  2013 750 0.05739 0.105316389
7  28  2013 815 0.05778 0.115221525
7  29  2013 682 0.05783 0.096501939
7  30  2013 705 0.05791 0.099894403
7  31  2013 626 0.05856 0.089696165
8  1  2013 750 0.05818 0.106766118
8  2  2013 726 0.05832 0.103598295
8  3  2013 640 0.05885 0.092156275
8  4  2013 709 0.05861 0.101675526
8  5  2013 479 0.06273 0.073520639
8  6  2013 732.9 0.05883 0.105497469
8  7  2013 623 0.05952 0.090729693
8  8  2013 571 0.06043 0.084428131
8  9  2013 932 0.0604 0.137737223
8  10  2013 1280 0.0664 0.207958426
8  11  2013 1650 0.07561 0.305254204
8  12  2013 945 0.06083 0.140652708
8  13  2013 837 0.05988 0.122632539
8  14  2013 857 0.0601 0.126024147
8  15  2013 814 0.05987 0.119242792
8  16  2013 768 0.05975 0.112278758
8  17  2013 572 0.06113 0.08555569
8  18  2013 390 0.06914 0.065976983
8  19  2013 676 0.05999 0.099225668
8  20  2013 354 0.0726 0.062883739
8  21  2013 376 0.07046 0.064822975
8  22  2013 455 0.06513 0.072508838
8  23  2013 461 0.06485 0.073149166
8  24  2013 366 0.07146 0.063994488
8  25  2013 273 0.08532 0.056991746
8  26  2013 381 0.07007 0.065321412
8  27  2013 435 0.06621 0.070471143
8  28  2013 549 0.0618 0.08301552
8  29  2013 661 0.06014 0.097266515
8  30  2013 568 0.06132 0.085221457
8  31  2013 670 0.06002 0.098394147
9  1  2013 475 0.06406 0.074452454
9  2  2013 480 0.0638 0.074930803
9  3  2013 802.3 0.05987 0.11752886
9  4  2013 287.7 0.08182 0.057596728
9  5  2013 556 0.06126 0.083339378
9  6  2013 394 0.06845 0.065988483
9  7  2013 316 0.07679 0.059373168
9  8  2013 459 0.06427 0.072180429
9  9  2013 285 0.08179 0.057035275
9  10  2013 381 0.0691 0.064417148
9  11  2013 342 0.07289 0.06099476
9  12  2013 347 0.07218 0.061283678
9  13  2013 601 0.05967 0.087746334
9  14  2013 737 0.05869 0.105835184
9  15  2013 671 0.05873 0.096423078
9  16  2013 622 0.05901 0.089807885
9  17  2013 764.7 0.05833 0.109139394
9  18  2013 295 0.07845 0.056625681
9  19  2013 244 0.08967 0.053534712
9  20  2013 415 0.06507 0.06607351
9  21  2013 692 0.05776 0.0977984
9  22  2013 533 0.0597 0.077857421
9  23  2013 588 0.05838 0.08399238
9  24  2013 704 0.05721 0.098546925
9  25  2013 565 0.05843 0.080776086
9  26  2013 457 0.06163 0.068913902
9  27  2013 465 0.06106 0.069471748
9  28  2013 438 0.06215 0.066606056
9  29  2013 360 0.06755 0.059501282
9  30  2013 380 0.06553 0.060928746
10  1  2013 284 0.07722 0.053659498
10  2  2013 381 0.06496 0.060557713
10  3  2013 302 0.0736 0.054385513
10  4  2013 253 0.08292 0.05133083
10  5  2013 330 0.0692 0.055875125
10  6  2013 627 0.05524 0.084746092
10  7  2013 867 0.05509 0.116866582
10  8  2013 1150 0.0585 0.16460847
10  9  2013 1210 0.0593 0.17556524
10  10  2013 1220 0.05922 0.176777385
10  11  2013 1020 0.05578 0.139212154
10  12  2013 787 0.05344 0.102905753
10  13  2013 781 0.05317 0.101605254
10  14  2013 780 0.05292 0.100998032
10  15  2013 721 0.0526 0.092793911
10  16  2013 816 0.05256 0.104940707
10  17  2013 960 0.0535 0.125667648
10  18  2013 1030 0.05408 0.136292632
10  19  2013 1930 0.07294 0.344446313
10  20  2013 2120 0.07789 0.404032254
10  21  2013 1660 0.06534 0.265390694
10  22  2013 1550 0.06247 0.236919974
10  23  2013 1300 0.05702 0.181371497
10  24  2013 1290 0.05653 0.178429709
10  25  2013 1260 0.05569 0.171690488
10  26  2013 1250 0.05522 0.16889037
10  27  2013 1090 0.05239 0.139724759
10  28  2013 1040 0.05143 0.130872481
10  29  2013 1060 0.0514 0.133311451
10  30  2013 1010 0.05049 0.124774321
10  31  2013 1020 0.05032 0.125585436
11  1  2013 1220 0.0529 0.157911578
11  2  2013 2530 0.08441 0.522532002
11  3  2013 3770 0.12861 1.186354714
11  4  2013 2770 0.09099 0.6166971
11  5  2013 2130 0.07158 0.373052341
11  6  2013 1843 0.06397 0.28846967
11  7  2013 1880 0.06445 0.296468969
11  8  2013 2970 0.09539 0.693198748
11  9  2013 4330 0.14804 1.568431098
11  10  2013 4320 0.14671 1.550750521
11  11  2013 3920 0.12872 1.234612216
11  12  2013 3890 0.12673 1.20622273
11  13  2013 3120 0.09752 0.74446924
11  14  2013 2750 0.0851 0.57261237
11  15  2013 1990 0.06398 0.311527065
11  16  2013 1760 0.05838 0.251405764
11  17  2013 1510 0.05298 0.195743511
11  18  2013 1440 0.05138 0.181031881
11  19  2013 1890 0.06014 0.278114543
11  20  2013 2320 0.07014 0.398155041
11  21  2013 1650 0.05436 0.219463279
11  22  2013 1570 0.05248 0.20160066
11  23  2013 1540 0.0516 0.194432515
11  24  2013 1690 0.05414 0.223873881
11  25  2013 1420 0.04885 0.169727176
11  26  2013 1230 0.04559 0.137206023
11  27  2013 1260 0.04574 0.141014956
11  28  2013 1340 0.04666 0.152984702
11  29  2013 2290 0.0656 0.367568083
11  30  2013 1700 0.05236 0.217794562
12  1  2013 1530 0.04892 0.183137108
12  2  2013 1670 0.05115 0.209006879
12  3  2013 1780 0.05294 0.230569794
12  4  2013 1730 0.05165 0.218632591
12  5  2013 2090 0.0587 0.300180764
12  6  2013 3340 0.09126 0.745805193
12  7  2013 5300 0.16543 2.145302857
12  8  2013 4850 0.14472 1.717389346
12  9  2013 3830 0.10534 0.987166843
12  10  2013 2680 0.07074 0.463872174
12  11  2013 2230 0.05964 0.325417549
12  12  2013 2050 0.05544 0.278083714
12  13  2013 1320 0.0423 0.136619525
12  14  2013 1080 0.0391 0.10332347
12  15  2013 1030 0.03837 0.096700227
12  16  2013 1260 0.04076 0.125661776
12  17  2013 1230 0.04014 0.120803899
12  18  2013 1140 0.03884 0.108338432
12  19  2013 1200 0.03931 0.11542045
12  20  2013 1480 0.04291 0.155388438
12  21  2013 3220 0.08025 0.632265354
12  22  2013 10800 0.52122 13.77346784
12  23  2013 13700 0.84991 28.4899691
12  24  2013 12500 0.69531 21.26605635
12  25  2013 9920 0.43404 10.53512999
12  26  2013 8780 0.34287 7.365843294
12  27  2013 8430 0.31662 6.530770029
12  28  2013 8150 0.29638 5.91023806
12  29  2013 8010 0.28589 5.603120373
12  30  2013 8260 0.30051 6.07347779
12  31  2013 7950 0.27927 5.432376796
