1  1  2013 147 0.07371 0.026511983
1  2  2013 134 0.0687 0.022524751
1  3  2013 138 0.0697 0.02353479
1  4  2013 136 0.06862 0.022834321
1  5  2013 134 0.06755 0.0221477
1  6  2013 137 0.06823 0.022871487
1  7  2013 151 0.07269 0.026856542
1  8  2013 145 0.07028 0.02493436
1  9  2013 143 0.06927 0.024237047
1  10  2013 216 0.09389 0.049621691
1  11  2013 292 0.12001 0.085743017
1  12  2013 475 0.18674 0.21703483
1  13  2013 415 0.16344 0.165960572
1  14  2013 310 0.12487 0.094714894
1  15  2013 215 0.09165 0.048213582
1  16  2013 181 0.07992 0.035394234
1  17  2013 159 0.07236 0.028151021
1  18  2013 135 0.06424 0.021219628
1  19  2013 131 0.06274 0.020110102
1  20  2013 131 0.06256 0.020052407
1  21  2013 115 0.05719 0.016092237
1  22  2013 92 0.04959 0.011162987
1  23  2013 86.2 0.04759 0.010037405
1  24  2013 80.8 0.04574 0.009042864
1  25  2013 78.8 0.045 0.008676353
1  26  2013 77.5 0.0445 0.008438402
1  27  2013 77.2 0.04434 0.008375514
1  28  2013 80.1 0.04521 0.008860648
1  29  2013 239 0.09652 0.056443468
1  30  2013 418.3 0.15789 0.161599853
1  31  2013 393 0.14878 0.143065717
2  1  2013 225 0.09168 0.05047259
2  2  2013 173 0.07476 0.031645639
2  3  2013 134 0.06224 0.020406703
2  4  2013 120 0.05777 0.016962196
2  5  2013 110 0.05458 0.014690098
2  6  2013 103 0.05236 0.013195788
2  7  2013 92.6 0.04906 0.011115705
2  8  2013 96 0.05019 0.01178927
2  9  2013 94.5 0.04974 0.011501012
2  10  2013 93.4 0.04945 0.011300864
2  11  2013 136 0.06317 0.021020752
2  12  2013 188 0.08006 0.036827472
2  13  2013 159 0.07078 0.027536336
2  14  2013 144 0.06606 0.023275528
2  15  2013 189 0.08082 0.037374821
2  16  2013 192 0.08198 0.038513023
2  17  2013 159 0.07137 0.02776587
2  18  2013 128 0.06145 0.01924555
2  19  2013 139 0.0652 0.022174859
2  20  2013 150 0.069 0.02532438
2  21  2013 122 0.06001 0.017913561
2  22  2013 115 0.05791 0.016294832
2  23  2013 112 0.05711 0.015650516
2  24  2013 118 0.05931 0.017124126
2  25  2013 113 0.05787 0.016000384
2  26  2013 112 0.05776 0.015828643
2  27  2013 341 0.13709 0.114382248
2  28  2013 548 0.21616 0.289837358
3  1  2013 532 0.21079 0.274384837
3  2  2013 312 0.1284 0.098020765
3  3  2013 219 0.09591 0.051393297
3  4  2013 179.3 0.08256 0.03622
3  5  2013 171 0.08007 0.033501512
3  6  2013 157 0.07561 0.0290454
3  7  2013 170 0.08059 0.033521894
3  8  2013 203 0.09276 0.046073929
3  9  2013 243 0.10776 0.064071122
3  10  2013 271 0.11873 0.078727821
3  11  2013 328.7 0.14121 0.113570001
3  12  2013 387.7 0.16508 0.156598909
3  13  2013 336.3 0.14601 0.120145619
3  14  2013 209 0.09849 0.050365934
3  15  2013 168 0.08393 0.034500467
3  16  2013 150 0.07783 0.028565167
3  17  2013 135 0.0728 0.02404715
3  18  2013 124 0.06921 0.020998535
3  19  2013 143 0.07688 0.026899728
3  20  2013 152 0.08087 0.030076653
3  21  2013 149 0.08033 0.029286165
3  22  2013 140 0.07748 0.026540929
3  23  2013 134 0.07575 0.024836243
3  24  2013 138 0.07793 0.026313719
3  25  2013 147 0.08212 0.029536889
3  26  2013 148 0.08319 0.030125295
3  27  2013 147 0.08349 0.03002965
3  28  2013 145 0.08338 0.029582057
3  29  2013 137 0.08083 0.027095154
3  30  2013 129 0.07824 0.024695455
3  31  2013 123 0.07643 0.023002098
4  1  2013 131 0.08047 0.025793113
4  2  2013 123 0.07782 0.023420427
4  3  2013 116 0.07554 0.021440428
4  4  2013 107 0.07237 0.018947016
4  5  2013 101 0.07043 0.017405141
4  6  2013 86 0.0645 0.0135724
4  7  2013 83.8 0.06413 0.013149333
4  8  2013 77.7 0.06201 0.011789115
4  9  2013 83.9 0.06543 0.013431897
4  10  2013 415.7 0.22374 0.227573731
4  11  2013 589 0.31808 0.458405827
4  12  2013 908 0.51002 1.133108578
4  13  2013 746.3 0.41569 0.759069411
4  14  2013 341 0.19406 0.161915669
4  15  2013 219 0.13467 0.072162812
4  16  2013 180 0.11684 0.05145914
4  17  2013 166 0.11114 0.0451416
4  18  2013 149 0.10384 0.037857281
4  19  2013 142 0.10142 0.035237933
4  20  2013 142 0.10249 0.0356097
4  21  2013 128 0.09642 0.030197818
4  22  2013 115 0.09074 0.025532603
4  23  2013 108 0.08806 0.023270242
4  24  2013 115 0.09269 0.026081298
4  25  2013 114 0.09315 0.025982814
4  26  2013 119 0.09684 0.028196825
4  27  2013 112 0.09408 0.025781834
4  28  2013 105 0.09125 0.023443403
4  29  2013 114 0.09724 0.027123659
4  30  2013 106 0.0938 0.024328043
5  1  2013 98.5 0.09056 0.021825847
5  2  2013 89.6 0.08643 0.018948332
5  3  2013 85 0.0847 0.017615737
5  4  2013 85.8 0.08609 0.018073342
5  5  2013 80.6 0.08393 0.01655201
5  6  2013 76.8 0.08256 0.0155142
5  7  2013 74.7 0.08217 0.015018701
5  8  2013 76.2 0.084 0.015661477
5  9  2013 98.2 0.09861 0.023693593
5  10  2013 142 0.12711 0.04416381
5  11  2013 183 0.15461 0.069228854
5  12  2013 121 0.11646 0.034479474
5  13  2013 98.2 0.10298 0.024743598
5  14  2013 85.8 0.09596 0.020145405
5  15  2013 96.2 0.1039 0.024456206
5  16  2013 84.9 0.09745 0.020243612
5  17  2013 74.9 0.0917 0.01680543
5  18  2013 71.3 0.0902 0.015736007
5  19  2013 69.7 0.09005 0.015357303
5  20  2013 68.7 0.0903 0.015178993
5  21  2013 68.3 0.09098 0.015204254
5  22  2013 93.6 0.11007 0.025208284
5  23  2013 94.6 0.11195 0.025912762
5  24  2013 122 0.13304 0.039713717
5  25  2013 95.1 0.11466 0.026680313
5  26  2013 78 0.1031 0.019676676
5  27  2013 71 0.09886 0.017174236
5  28  2013 93 0.11664 0.026541712
5  29  2013 413.8 0.37373 0.378396333
5  30  2013 231 0.22658 0.128065463
5  31  2013 132 0.15064 0.048653346
6  1  2013 127 0.14819 0.046049094
6  2  2013 267 0.26305 0.171849408
6  3  2013 138 0.15995 0.054008461
6  4  2013 102 0.13228 0.033013596
6  5  2013 85.4 0.11992 0.02505809
6  6  2013 721.3 0.7055 1.245120611
6  7  2013 987.3 1.00572 2.429543591
6  8  2013 617 0.61018 0.921173858
6  9  2013 284 0.29612 0.205771182
6  10  2013 207 0.23047 0.116730197
6  11  2013 297 0.31334 0.227704053
6  12  2013 278 0.29866 0.203151638
6  13  2013 948.4 1.01417 2.353427244
6  14  2013 1830 2.24784 10.06502729
6  15  2013 742 0.78784 1.430343689
6  16  2013 273 0.30429 0.203258539
6  17  2013 347 0.37843 0.321302056
6  18  2013 347 0.38152 0.323925588
6  19  2013 193 0.23554 0.111229619
6  20  2013 144 0.19133 0.067413059
6  21  2013 123 0.17306 0.052083515
6  22  2013 113 0.16491 0.045595702
6  23  2013 106 0.15946 0.041357673
6  24  2013 92.3 0.14744 0.033297797
6  25  2013 86 0.14238 0.029960283
6  26  2013 87.8 0.14515 0.031182435
6  27  2013 272.5 0.33026 0.220201846
6  28  2013 281 0.3413 0.234661088
6  29  2013 361.7 0.42925 0.379889495
6  30  2013 221.3 0.28386 0.153703616
7  1  2013 178 0.2412 0.105049932
7  2  2013 212 0.27769 0.144043801
7  3  2013 536 0.64079 0.840386345
7  4  2013 830 1.01909 2.069612812
7  5  2013 332 0.41215 0.334804942
7  6  2013 408 0.50043 0.499576467
7  7  2013 238 0.31353 0.182580559
7  8  2013 193 0.26689 0.126034105
7  9  2013 198 0.27359 0.132545162
7  10  2013 163 0.23744 0.094697815
7  11  2013 130 0.20334 0.064679201
7  12  2013 110 0.18289 0.049224478
7  13  2013 102 0.1751 0.043700337
7  14  2013 94.7 0.16795 0.038916024
7  15  2013 86.6 0.15982 0.03386472
7  16  2013 80.83 0.15414 0.030485014
7  17  2013 75.2 0.14851 0.027325745
7  18  2013 81.1 0.15554 0.030864655
7  19  2013 97.5 0.17412 0.04153859
7  20  2013 199 0.28702 0.139753827
7  21  2013 138 0.21994 0.074264588
7  22  2013 96.3 0.17434 0.041079183
7  23  2013 98.5 0.17723 0.042714167
7  24  2013 78.2 0.15497 0.029651923
7  25  2013 71.3 0.14754 0.025739362
7  26  2013 69.3 0.14558 0.024685016
7  27  2013 70.1 0.14676 0.025172375
7  28  2013 74.5 0.15198 0.027703917
7  29  2013 72.8 0.15028 0.026768932
7  30  2013 69.9 0.14718 0.02517239
7  31  2013 67.4 0.14448 0.023826821
8  1  2013 99.9 0.18148 0.044360122
8  2  2013 89.2 0.16952 0.036998513
8  3  2013 131 0.21682 0.069497488
8  4  2013 80.4 0.15968 0.031412684
8  5  2013 75.1 0.15368 0.028239419
8  6  2013 70.9 0.14888 0.025827423
8  7  2013 69.1 0.14679 0.024818355
8  8  2013 90 0.1705 0.037546146
8  9  2013 194 0.2882 0.136802545
8  10  2013 121 0.20523 0.060760968
8  11  2013 82.7 0.16185 0.032750406
8  12  2013 73.3 0.15101 0.02708371
8  13  2013 105 0.18656 0.047929876
8  14  2013 82.6 0.1611 0.032559225
8  15  2013 72.2 0.14908 0.026336318
8  16  2013 70 0.14632 0.025061104
8  17  2013 63 0.1381 0.021287894
8  18  2013 58.7 0.13291 0.019089486
8  19  2013 57.6 0.13134 0.018510492
8  20  2013 55.4 0.1285 0.017418525
8  21  2013 53.5 0.12599 0.01649257
8  22  2013 62.3 0.13551 0.020656554
8  23  2013 66.7 0.13999 0.022846586
8  24  2013 57.8 0.12962 0.018331514
8  25  2013 53.3 0.12415 0.016190953
8  26  2013 95.3 0.1698 0.039593971
8  27  2013 103 0.17748 0.044728581
8  28  2013 112 0.18647 0.051100537
8  29  2013 95.2 0.16765 0.039051613
8  30  2013 68.1 0.13778 0.022957879
8  31  2013 62.3 0.13089 0.019952301
9  1  2013 59.1 0.12682 0.018338918
9  2  2013 85 0.15379 0.031984937
9  3  2013 72.8 0.14013 0.024960942
9  4  2013 63.2 0.12926 0.019988477
9  5  2013 59.7 0.12487 0.018240255
9  6  2013 54.9 0.11912 0.016001309
9  7  2013 54.3 0.11781 0.015652383
9  8  2013 65 0.12825 0.020397137
9  9  2013 56.4 0.1186 0.016366743
9  10  2013 64.9 0.12659 0.020102153
9  11  2013 55.1 0.1158 0.015612003
9  12  2013 54.2 0.11413 0.015135528
9  13  2013 94.5 0.1536 0.035515791
9  14  2013 83.5 0.14174 0.028958588
9  15  2013 63.5 0.12108 0.018812418
9  16  2013 65.4 0.12209 0.01953693
9  17  2013 63.2 0.11906 0.018411172
9  18  2013 59.1 0.11421 0.016515438
9  19  2013 58.1 0.11239 0.015977259
9  20  2013 61.1 0.11441 0.017104236
9  21  2013 130 0.17799 0.056615771
9  22  2013 126 0.17289 0.053301434
9  23  2013 73.5 0.12327 0.022168852
9  24  2013 60.2 0.11 0.01620271
9  25  2013 55.5 0.10476 0.014226136
9  26  2013 51.7 0.10041 0.012701821
9  27  2013 49.4 0.09745 0.011778969
9  28  2013 48.4 0.09571 0.011334468
9  29  2013 50.3 0.09659 0.011887722
9  30  2013 49.4 0.09494 0.01147558
10  1  2013 46.9 0.09188 0.010543682
10  2  2013 46.2 0.09044 0.010223533
10  3  2013 45.9 0.08935 0.010034731
10  4  2013 114 0.14584 0.04067991
10  5  2013 71.8 0.10954 0.019244013
10  6  2013 97.5 0.12963 0.030924922
10  7  2013 142 0.16444 0.057133954
10  8  2013 111 0.138 0.037480082
10  9  2013 75.1 0.10807 0.019858368
10  10  2013 66.1 0.09985 0.016149088
10  11  2013 62.2 0.09578 0.01457685
10  12  2013 58.5 0.09192 0.013157227
10  13  2013 57 0.08984 0.012529769
10  14  2013 77.2 0.10442 0.019724203
10  15  2013 68.3 0.09664 0.016150133
10  16  2013 70.8 0.09753 0.016895457
10  17  2013 91.3 0.11165 0.024941811
10  18  2013 152 0.15456 0.057482966
10  19  2013 107 0.12064 0.031584469
10  20  2013 90.3 0.10751 0.023753909
10  21  2013 74.8 0.09543 0.01746566
10  22  2013 81.2 0.09891 0.019651455
10  23  2013 76.4 0.09453 0.017671015
10  24  2013 70.6 0.08955 0.015469232
10  25  2013 78.4 0.0939 0.018012754
10  26  2013 69.3 0.08677 0.014713002
10  27  2013 65.3 0.08317 0.013288573
10  28  2013 62.7 0.08055 0.012357527
10  29  2013 59.4 0.07752 0.011266751
10  30  2013 60 0.07707 0.011314493
10  31  2013 100 0.10171 0.024886403
11  1  2013 193 0.15895 0.07506134
11  2  2013 180 0.1491 0.065667218
11  3  2013 179 0.14687 0.064325711
11  4  2013 119.3 0.1091 0.031846643
11  5  2013 95.2 0.09345 0.021767809
11  6  2013 84.4 0.08603 0.017766048
11  7  2013 157 0.12765 0.049036441
11  8  2013 138 0.11524 0.038911754
11  9  2013 118 0.10254 0.029605595
11  10  2013 102 0.09237 0.023053113
11  11  2013 100 0.09025 0.02208237
11  12  2013 129 0.10536 0.033255535
11  13  2013 106 0.09162 0.023762636
11  14  2013 92.6 0.08336 0.018887182
11  15  2013 84 0.07784 0.015998549
11  16  2013 78.7 0.07418 0.014284335
11  17  2013 89.5 0.07909 0.017319808
11  18  2013 115 0.09153 0.025754894
11  19  2013 87.5 0.0764 0.016356858
11  20  2013 77.3 0.07038 0.013311507
11  21  2013 73.6 0.06776 0.012202524
11  22  2013 95.6 0.07809 0.018266351
11  23  2013 104 0.08143 0.020721264
11  24  2013 88.8 0.07316 0.0158959
11  25  2013 79.4 0.06784 0.013179678
11  26  2013 79.9 0.0674 0.013176654
11  27  2013 106 0.07911 0.020518033
11  28  2013 110 0.0802 0.02158567
11  29  2013 104 0.07662 0.019497277
11  30  2013 87 0.06803 0.014481655
12  1  2013 94.8 0.07093 0.016452684
12  2  2013 119 0.08115 0.023628381
12  3  2013 141 0.0902 0.031118892
12  4  2013 134.3 0.08641 0.028394779
12  5  2013 162 0.09773 0.038738374
12  6  2013 252 0.13665 0.084257515
12  7  2013 207 0.1155 0.058499318
12  8  2013 141 0.08607 0.029694047
12  9  2013 122 0.07726 0.023062852
12  10  2013 125 0.07783 0.023804306
12  11  2013 113 0.07217 0.019954168
12  12  2013 99.7 0.06607 0.01611751
12  13  2013 96.3 0.06411 0.015106037
12  14  2013 90.3 0.06113 0.013506431
12  15  2013 105 0.06652 0.017089919
12  16  2013 97.4 0.06295 0.015002138
12  17  2013 95.6 0.06173 0.014439516
12  18  2013 100 0.06295 0.015402606
12  19  2013 95.1 0.06055 0.014089421
12  20  2013 135 0.07544 0.02491919
12  21  2013 542.8 0.24286 0.322547961
12  22  2013 1120 0.52786 1.44655599
12  23  2013 744 0.33178 0.603978682
12  24  2013 332 0.14914 0.12115203
12  25  2013 202 0.09775 0.048313289
12  26  2013 184 0.09035 0.040676582
12  27  2013 158 0.08014 0.030981675
12  28  2013 143 0.07414 0.025941023
12  29  2013 155 0.078 0.029581812
12  30  2013 193 0.09126 0.043095929
12  31  2013 144 0.07309 0.025752472
