1 1 2013 193900 0.0255 12098.08026
1 2 2013 192800 0.0255 12029.44752
1 3 2013 196700 0.0255 12272.78178
1 4 2013 218200 0.0255 13614.23988
1 5 2013 195300 0.0255 12185.43102
1 6 2013 188600 0.0255 11767.39524
1 7 2013 183300 0.0255 11436.71022
1 8 2013 191100 0.0255 11923.37874
1 9 2013 190000 0.0255 11854.746
1 10 2013 179000 0.0255 11168.4186
1 11 2013 179400 0.0255 11193.37596
1 12 2013 183300 0.0255 11436.71022
1 13 2013 182600 0.0255 11393.03484
1 14 2013 196300 0.0255 12247.82442
1 15 2013 190000 0.0255 11854.746
1 16 2013 193200 0.0255 12054.40488
1 17 2013 200200 0.0255 12491.15868
1 18 2013 198100 0.0255 12360.13254
1 19 2013 187500 0.0255 11698.7625
1 20 2013 208000 0.0255 12977.8272
1 21 2013 198500 0.0255 12385.0899
1 22 2013 208700 0.0255 13021.50258
1 23 2013 207700 0.0255 12959.10918
1 24 2013 186800 0.0255 11655.08712
1 25 2013 180800 0.0255 11280.72672
1 26 2013 169900 0.0255 10600.63866
1 27 2013 167400 0.0255 10444.65516
1 28 2013 191100 0.0255 11923.37874
1 29 2013 181500 0.0255 11324.4021
1 30 2013 185000 0.0255 11542.779
1 31 2013 250000 0.0255 15598.35
2 1 2013 221800 0.0255 13838.85612
2 2 2013 202700 0.0255 12647.14218
2 3 2013 176200 0.0255 10993.71708
2 4 2013 184700 0.0255 11524.06098
2 5 2013 189300 0.0255 11811.07062
2 6 2013 179000 0.0255 11168.4186
2 7 2013 182200 0.0255 11368.07748
2 8 2013 189300 0.0255 11811.07062
2 9 2013 175500 0.0255 10950.0417
2 10 2013 163900 0.0255 10226.27826
2 11 2013 205500 0.0255 12821.8437
2 12 2013 202000 0.0255 12603.4668
2 13 2013 187900 0.0255 11723.71986
2 14 2013 194900 0.0255 12160.47366
2 15 2013 195600 0.0255 12204.14904
2 16 2013 174800 0.0255 10906.36632
2 17 2013 187200 0.0255 11680.04448
2 18 2013 177600 0.0255 11081.06784
2 19 2013 208400 0.0255 13002.78456
2 20 2013 213700 0.0255 13333.46958
2 21 2013 193200 0.0255 12054.40488
2 22 2013 171300 0.0255 10687.98942
2 23 2013 176600 0.0255 11018.67444
2 24 2013 183600 0.0255 11455.42824
2 25 2013 182900 0.0255 11411.75286
2 26 2013 169500 0.0255 10575.6813
2 27 2013 186100 0.0255 11611.41174
2 28 2013 197100 0.0255 12297.73914
3 1 2013 196700 0.0255 12272.78178
3 2 2013 182900 0.0255 11411.75286
3 3 2013 181500 0.0255 11324.4021
3 4 2013 194600 0.0255 12141.75564
3 5 2013 182200 0.0255 11368.07748
3 6 2013 167700 0.0255 10463.37318
3 7 2013 185400 0.0255 11567.73636
3 8 2013 175200 0.0255 10931.32368
3 9 2013 190000 0.0255 11854.746
3 10 2013 172300 0.0255 10750.38282
3 11 2013 193500 0.0255 12073.1229
3 12 2013 206200 0.0255 12865.51908
3 13 2013 204100 0.0255 12734.49294
3 14 2013 196000 0.0255 12229.1064
3 15 2013 200200 0.0255 12491.15868
3 16 2013 182600 0.0255 11393.03484
3 17 2013 177300 0.0255 11062.34982
3 18 2013 183300 0.0255 11436.71022
3 19 2013 214700 0.0255 13395.86298
3 20 2013 206600 0.0255 12890.47644
3 21 2013 200900 0.0255 12534.83406
3 22 2013 201600 0.0255 12578.50944
3 23 2013 183600 0.0255 11455.42824
3 24 2013 174100 0.0255 10862.69094
3 25 2013 174500 0.0255 10887.6483
3 26 2013 188200 0.0255 11742.43788
3 27 2013 188200 0.0255 11742.43788
3 28 2013 203400 0.0255 12690.81756
3 29 2013 191400 0.0255 11942.09676
3 30 2013 183300 0.0255 11436.71022
3 31 2013 175200 0.0255 10931.32368
4 1 2013 199200 0.0255 12428.76528
4 2 2013 199900 0.0255 12472.44066
4 3 2013 197400 0.0255 12316.45716
4 4 2013 191800 0.0255 11967.05412
4 5 2013 187900 0.0255 11723.71986
4 6 2013 180100 0.0255 11237.05134
4 7 2013 176900 0.0255 11037.39246
4 8 2013 186100 0.0255 11611.41174
4 9 2013 193200 0.0255 12054.40488
4 10 2013 185800 0.0255 11592.69372
4 11 2013 182200 0.0255 11368.07748
4 12 2013 200600 0.0255 12516.11604
4 13 2013 206900 0.0255 12909.19446
4 14 2013 197100 0.0255 12297.73914
4 15 2013 202700 0.0255 12647.14218
4 16 2013 216500 0.0255 13508.1711
4 17 2013 196700 0.0255 12272.78178
4 18 2013 194200 0.0255 12116.79828
4 19 2013 206600 0.0255 12890.47644
4 20 2013 220000 0.0255 13726.548
4 21 2013 196300 0.0255 12247.82442
4 22 2013 191100 0.0255 11923.37874
4 23 2013 193900 0.0255 12098.08026
4 24 2013 199900 0.0255 12472.44066
4 25 2013 207700 0.0255 12959.10918
4 26 2013 207300 0.0255 12934.15182
4 27 2013 184300 0.0255 11499.10362
4 28 2013 185400 0.0255 11567.73636
4 29 2013 209100 0.0255 13046.45994
4 30 2013 201600 0.0255 12578.50944
5 1 2013 204100 0.0255 12734.49294
5 2 2013 201600 0.0255 12578.50944
5 3 2013 202700 0.0255 12647.14218
5 4 2013 193500 0.0255 12073.1229
5 5 2013 184700 0.0255 11524.06098
5 6 2013 201600 0.0255 12578.50944
5 7 2013 198100 0.0255 12360.13254
5 8 2013 201300 0.0107 5270.186988
5 9 2013 195300 0.0107 5113.102428
5 10 2013 193200 0.0107 5058.122832
5 11 2013 205900 0.0107 5390.618484
5 12 2013 202700 0.0107 5306.840052
5 13 2013 220000 0.0107 5759.7672
5 14 2013 202400 0.0107 5298.985824
5 15 2013 208400 0.0107 5456.070384
5 16 2013 203800 0.0107 5335.638888
5 17 2013 191400 0.0107 5010.997464
5 18 2013 182900 0.0107 4788.461004
5 19 2013 187200 0.0107 4901.038272
5 20 2013 198800 0.0107 5204.735088
5 21 2013 200900 0.0107 5259.714684
5 22 2013 195300 0.0107 5113.102428
5 23 2013 199900 0.0107 5233.533924
5 24 2013 197400 0.0107 5168.082024
5 25 2013 184700 0.0107 4835.586372
5 26 2013 188200 0.0107 4927.219032
5 27 2013 193900 0.0107 5076.449364
5 28 2013 190000 0.006 2789.352
5 29 2013 208700 0.006 3063.88296
5 30 2013 206600 0.006 3033.05328
5 31 2013 199900 0.006 2934.69192
6 1 2013 196000 0.006 2877.4368
6 2 2013 188600 0.006 2768.79888
6 3 2013 209400 0.006 3074.15952
6 4 2013 201300 0.006 2955.24504
6 5 2013 199200 0.006 2924.41536
6 6 2013 190000 0.006 2789.352
6 7 2013 194600 0.006 2856.88368
6 8 2013 185400 0.006 2721.82032
6 9 2013 192500 0.006 2826.054
6 10 2013 205500 0.006 3016.9044
6 11 2013 208700 0.006 3063.88296
6 12 2013 206900 0.006 3037.45752
6 13 2013 195300 0.006 2867.16024
6 14 2013 205200 0.006 3012.50016
6 15 2013 200900 0.006 2949.37272
6 16 2013 203100 0.006 2981.67048
6 17 2013 211200 0.006 3100.58496
6 18 2013 195300 0.006 2867.16024
6 19 2013 192500 0.006 2826.054
6 20 2013 198100 0.006 2908.26648
6 21 2013 197800 0.006 2903.86224
6 22 2013 194600 0.006 2856.88368
6 23 2013 188200 0.006 2762.92656
6 24 2013 191800 0.006 2815.77744
6 25 2013 203400 0.006 2986.07472
6 26 2013 208700 0.006 3063.88296
6 27 2013 198800 0.006 2918.54304
6 28 2013 201600 0.006 2959.64928
6 29 2013 198500 0.006 2914.1388
6 30 2013 191100 0.006 2805.50088
7 1 2013 187200 0.006 2748.24576
7 2 2013 205200 0.0161 8083.542096
7 3 2013 209100 0.0161 8237.176668
7 4 2013 205900 0.0161 8111.117532
7 5 2013 204800 0.0161 8067.784704
7 6 2013 202000 0.0161 7957.48296
7 7 2013 192500 0.0161 7583.2449
7 8 2013 203400 0.0161 8012.633832
7 9 2013 205900 0.0161 8111.117532
7 10 2013 215100 0.0161 8473.537548
7 11 2013 204800 0.0161 8067.784704
7 12 2013 207300 0.0161 8166.268404
7 13 2013 197400 0.0161 7776.272952
7 14 2013 200600 0.0161 7902.332088
7 15 2013 203100 0.0161 8000.815788
7 16 2013 208700 0.0161 8221.419276
7 17 2013 220400 0.0161 8682.322992
7 18 2013 214700 0.0161 8457.780156
7 19 2013 218600 0.0161 8611.414728
7 20 2013 217900 0.0161 8583.839292
7 21 2013 209800 0.0161 8264.752104
7 22 2013 215800 0.0161 8501.112984
7 23 2013 218600 0.0161 8611.414728
7 24 2013 210100 0.0161 8276.570148
7 25 2013 206900 0.0161 8150.511012
7 26 2013 223200 0.0161 8792.624736
7 27 2013 206200 0.0161 8122.935576
7 28 2013 210500 0.0161 8292.32754
7 29 2013 221400 0.0161 8721.716472
7 30 2013 221100 0.0161 8709.898428
7 31 2013 217500 0.0161 8568.0819
8 1 2013 216100 0.0161 8512.931028
8 2 2013 217900 0.0161 8583.839292
8 3 2013 209800 0.0161 8264.752104
8 4 2013 201300 0.0161 7929.907524
8 5 2013 212900 0.0161 8386.871892
8 6 2013 214400 0.0161 8445.962112
8 7 2013 210800 0.0161 8304.145584
8 8 2013 214700 0.0161 8457.780156
8 9 2013 213300 0.0161 8402.629284
8 10 2013 203400 0.0161 8012.633832
8 11 2013 196000 0.0161 7721.12208
8 12 2013 216100 0.0161 8512.931028
8 13 2013 210100 0.0161 8276.570148
8 14 2013 202400 0.0161 7973.240352
8 15 2013 208700 0.0161 8221.419276
8 16 2013 210100 0.0161 8276.570148
8 17 2013 196000 0.0161 7721.12208
8 18 2013 195600 0.0161 7705.364688
8 19 2013 202000 0.0161 7957.48296
8 20 2013 203100 0.0161 8000.815788
8 21 2013 206200 0.0161 8122.935576
8 22 2013 211900 0.0161 8347.478412
8 23 2013 209100 0.0161 8237.176668
8 24 2013 193200 0.0161 7610.820336
8 25 2013 195300 0.0161 7693.546644
8 26 2013 209800 0.0161 8264.752104
8 27 2013 208400 0.0161 8209.601232
8 28 2013 202700 0.0161 7985.058396
8 29 2013 200900 0.0161 7914.150132
8 30 2013 208400 0.0161 8209.601232
8 31 2013 201300 0.0161 7929.907524
9 1 2013 195600 0.0161 7705.364688
9 2 2013 198100 0.0161 7803.848388
9 3 2013 208700 0.0161 8221.419276
9 4 2013 211500 0.0161 8331.72102
9 5 2013 202400 0.0161 7973.240352
9 6 2013 194600 0.0161 7665.971208
9 7 2013 202000 0.0161 7957.48296
9 8 2013 192100 0.0161 7567.487508
9 9 2013 197400 0.0161 7776.272952
9 10 2013 208400 0.0161 8209.601232
9 11 2013 210100 0.0161 8276.570148
9 12 2013 196700 0.0161 7748.697516
9 13 2013 192800 0.0161 7595.062944
9 14 2013 185800 0.0161 7319.308584
9 15 2013 195300 0.0161 7693.546644
9 16 2013 193200 0.0161 7610.820336
9 17 2013 192500 0.009 4239.081
9 18 2013 191800 0.009 4223.66616
9 19 2013 200600 0.009 4417.45272
9 20 2013 199500 0.009 4393.2294
9 21 2013 191400 0.009 4214.85768
9 22 2013 186800 0.009 4113.56016
9 23 2013 201600 0.009 4439.47392
9 24 2013 201600 0.009 4439.47392
9 25 2013 196000 0.009 4316.1552
9 26 2013 198100 0.009 4362.39972
9 27 2013 186100 0.009 4098.14532
9 28 2013 180500 0.009 3974.8266
9 29 2013 188200 0.009 4144.38984
9 30 2013 195300 0.009 4300.74036
10 1 2013 197400 0.009 4346.98488
10 2 2013 197100 0.009 4340.37852
10 3 2013 193900 0.009 4269.91068
10 4 2013 202000 0.009 4448.2824
10 5 2013 188200 0.009 4144.38984
10 6 2013 197100 0.009 4340.37852
10 7 2013 208400 0.0119 6067.966128
10 8 2013 213700 0.0119 6222.285804
10 9 2013 201300 0.0119 5861.235996
10 10 2013 198100 0.0119 5768.061852
10 11 2013 196300 0.0119 5715.651396
10 12 2013 186500 0.0119 5430.30558
10 13 2013 185400 0.0119 5398.276968
10 14 2013 192500 0.0119 5605.0071
10 15 2013 202000 0.0119 5881.61784
10 16 2013 202700 0.0119 5901.999684
10 17 2013 213300 0.0119 6210.639036
10 18 2013 216500 0.0119 6303.81318
10 19 2013 203800 0.0119 5934.028296
10 20 2013 206600 0.0119 6015.555672
10 21 2013 211900 0.0119 6169.875348
10 22 2013 216500 0.0119 6303.81318
10 23 2013 207700 0.0119 6047.584284
10 24 2013 212600 0.0119 6190.257192
10 25 2013 206200 0.0119 6003.908904
10 26 2013 224600 0.0119 6539.660232
10 27 2013 202700 0.0119 5901.999684
10 28 2013 198800 0.0119 5788.443696
10 29 2013 197400 0.0119 5747.680008
10 30 2013 196700 0.0119 5727.298164
10 31 2013 195300 0.0119 5686.534476
11 1 2013 226400 0.0119 6592.070688
11 2 2013 198500 0.0119 5779.70862
11 3 2013 190300 0.0119 5540.949876
11 4 2013 198800 0.0119 5788.443696
11 5 2013 198800 0.0119 5788.443696
11 6 2013 198100 0.0119 5768.061852
11 7 2013 210800 0.0119 6137.846736
11 8 2013 211200 0.0119 6149.493504
11 9 2013 202000 0.0119 5881.61784
11 10 2013 209800 0.0119 6108.729816
11 11 2013 217900 0.0119 6344.576868
11 12 2013 196300 0.0119 5715.651396
11 13 2013 212200 0.0119 6178.610424
11 14 2013 222800 0.0119 6487.249776
11 15 2013 204500 0.0119 5954.41014
11 16 2013 191800 0.0119 5584.625256
11 17 2013 191800 0.0119 5584.625256
11 18 2013 251400 0.0119 7319.993688
11 19 2013 207300 0.0119 6035.937516
11 20 2013 196300 0.0119 5715.651396
11 21 2013 196000 0.0119 5706.91632
11 22 2013 191100 0.0119 5564.243412
11 23 2013 191800 0.0119 5584.625256
11 24 2013 196300 0.0119 5715.651396
11 25 2013 207700 0.0119 6047.584284
11 26 2013 211200 0.0119 6149.493504
11 27 2013 200900 0.0119 5849.589228
11 28 2013 190000 0.0119 5532.2148
11 29 2013 195600 0.0119 5695.269552
11 30 2013 187900 0.0119 5471.069268
12 1 2013 184700 0.0119 5377.895124
12 2 2013 195600 0.0119 5695.269552
12 3 2013 189300 0.0119 5511.832956
12 4 2013 187200 0.0119 5450.687424
12 5 2013 196000 0.0119 5706.91632
12 6 2013 196300 0.0119 5715.651396
12 7 2013 191800 0.0119 5584.625256
12 8 2013 174800 0.0119 5089.637616
12 9 2013 207300 0.0119 6035.937516
12 10 2013 220700 0.0119 6426.104244
12 11 2013 209400 0.0119 6097.083048
12 12 2013 213300 0.0119 6210.639036
12 13 2013 208400 0.0119 6067.966128
12 14 2013 170600 0.0119 4967.346552
12 15 2013 196000 0.0119 5706.91632
12 16 2013 202000 0.0119 5881.61784
12 17 2013 199200 0.0119 5800.090464
12 18 2013 203100 0.0119 5913.646452
12 19 2013 194600 0.0119 5666.152632
12 20 2013 190300 0.0119 5540.949876
12 21 2013 188900 0.0119 5500.186188
12 22 2013 197100 0.0119 5738.944932
12 23 2013 226700 0.0119 6600.805764
12 24 2013 222800 0.0119 6487.249776
12 25 2013 211200 0.0119 6149.493504
12 26 2013 221100 0.0119 6437.751012
12 27 2013 197400 0.0119 5747.680008
12 28 2013 212900 0.0119 6198.992268
12 29 2013 202700 0.0119 5901.999684
12 30 2013 204800 0.0119 5963.145216
12 31 2013 216100 0.0119 6292.166412
