1 1 2013 193900 0.023957143 11366.09557
1 2 2013 192800 0.024203571 11417.86636
1 3 2013 196700 0.02445 11767.43194
1 4 2013 218200 0.024696429 13185.21972
1 5 2013 195300 0.024942857 11919.19471
1 6 2013 188600 0.025189286 11624.01101
1 7 2013 183300 0.025435714 11407.87818
1 8 2013 191100 0.025682143 12008.54573
1 9 2013 190000 0.025928571 12053.98543
1 10 2013 179000 0.026175 11464.05321
1 11 2013 179400 0.026421429 11597.84249
1 12 2013 183300 0.026667857 11960.49233
1 13 2013 182600 0.026914286 12024.91744
1 14 2013 196300 0.027160714 13045.47685
1 15 2013 190000 0.027407143 12741.36146
1 16 2013 193200 0.027653571 13072.44496
1 17 2013 200200 0.0279 13666.79714
1 18 2013 198100 0.028357143 13745.02134
1 19 2013 187500 0.028814286 13219.27393
1 20 2013 208000 0.029271429 14897.23694
1 21 2013 198500 0.029728571 14438.86391
1 22 2013 208700 0.030185714 15414.24927
1 23 2013 207700 0.030642857 15572.71103
1 24 2013 186800 0.0311 14214.63566
1 25 2013 180800 0.034885714 15432.79252
1 26 2013 169900 0.038671429 16076.15062
1 27 2013 167400 0.042457143 17390.20456
1 28 2013 191100 0.046242857 21622.39607
1 29 2013 181500 0.050028571 22217.39841
1 30 2013 185000 0.053814286 24359.46694
1 31 2013 250000 0.0576 35233.92
2 1 2013 221800 0.064085714 34779.33252
2 2 2013 202700 0.070571429 35001.05455
2 3 2013 176200 0.077057143 33221.3501
2 4 2013 184700 0.083542857 37755.01883
2 5 2013 189300 0.090028571 41699.36529
2 6 2013 179000 0.096514286 42271.05662
2 7 2013 182200 0.103 45918.11688
2 8 2013 189300 0.093485714 43300.64209
2 9 2013 175500 0.083971429 36058.45665
2 10 2013 163900 0.074457143 29859.58672
2 11 2013 205500 0.064942857 32654.39858
2 12 2013 202000 0.055428571 27395.77097
2 13 2013 187900 0.045914286 21109.26366
2 14 2013 194900 0.0364 17358.48005
2 15 2013 195600 0.036785714 17605.42509
2 16 2013 174800 0.037171429 15898.24379
2 17 2013 187200 0.037557143 17202.70977
2 18 2013 177600 0.037942857 16488.13232
2 19 2013 208400 0.038328571 19544.24144
2 20 2013 213700 0.038714286 20242.97062
2 21 2013 193200 0.0391 18483.42082
2 22 2013 171300 0.039485714 16549.91751
2 23 2013 176600 0.039871429 17228.63886
2 24 2013 183600 0.040257143 18084.81612
2 25 2013 182900 0.040642857 18188.48005
2 26 2013 169500 0.041028571 17015.8861
2 27 2013 186100 0.041414286 18857.97346
2 28 2013 197100 0.0418 20158.6469
3 1 2013 196700 0.038214286 18391.9839
3 2 2013 182900 0.034628571 15496.96859
3 3 2013 181500 0.031042857 13785.95281
3 4 2013 194600 0.027457143 13073.64389
3 5 2013 182200 0.023871429 10642.049
3 6 2013 167700 0.020285714 8323.803874
3 7 2013 185400 0.0167 7575.733224
3 8 2013 175200 0.0179 7673.360544
3 9 2013 190000 0.0191 8879.4372
3 10 2013 172300 0.0203 8558.147892
3 11 2013 193500 0.0215 10179.2997
3 12 2013 206200 0.0227 11452.83463
3 13 2013 204100 0.0239 11935.46593
3 14 2013 196000 0.0251 12037.27728
3 15 2013 200200 0.025714286 12596.1264
3 16 2013 182600 0.026328571 11763.22869
3 17 2013 177300 0.026942857 11688.2867
3 18 2013 183300 0.027557143 12359.33558
3 19 2013 214700 0.028171429 14799.2391
3 20 2013 206600 0.028785714 14551.43419
3 21 2013 200900 0.0294 14451.92633
3 22 2013 201600 0.0286 14107.66157
3 23 2013 183600 0.0278 12488.66294
3 24 2013 174100 0.027 11501.67276
3 25 2013 174500 0.0262 11186.52492
3 26 2013 188200 0.0254 11696.3891
3 27 2013 188200 0.0246 11327.9989
3 28 2013 203400 0.0238 11844.76306
3 29 2013 191400 0.028485714 13340.35907
3 30 2013 183300 0.033171429 14877.33397
3 31 2013 175200 0.037857143 16228.57577
4 1 2013 199200 0.042542857 20735.49748
4 2 2013 199900 0.047228571 23100.21783
4 3 2013 197400 0.051914286 25074.51278
4 4 2013 191800 0.0566 26562.16718
4 5 2013 187900 0.0549 25240.47923
4 6 2013 180100 0.0532 23443.57378
4 7 2013 176900 0.0515 22291.20438
4 8 2013 186100 0.0498 22676.4041
4 9 2013 193200 0.0481 22737.91666
4 10 2013 185800 0.0464 21094.15642
4 11 2013 182200 0.0447 19927.57111
4 12 2013 200600 0.043385714 21294.92684
4 13 2013 206900 0.042071429 21298.36285
4 14 2013 197100 0.040757143 19655.71415
4 15 2013 202700 0.039442857 19562.33029
4 16 2013 216500 0.038128571 20197.93203
4 17 2013 196700 0.036814286 17718.18412
4 18 2013 194200 0.0355 16868.48388
4 19 2013 206600 0.0412 20826.96586
4 20 2013 220000 0.0469 25246.0824
4 21 2013 196300 0.0526 25264.13978
4 22 2013 191100 0.0583 27260.11688
4 23 2013 193900 0.064 30363.80928
4 24 2013 199900 0.0697 34091.3378
4 25 2013 207700 0.0754 38318.30714
4 26 2013 207300 0.067057143 34012.83397
4 27 2013 184300 0.058714286 26476.92766
4 28 2013 185400 0.050371429 22850.32964
4 29 2013 209100 0.042028571 21502.90484
4 30 2013 201600 0.033685714 16616.31667
5 1 2013 204100 0.025342857 12656.01707
5 2 2013 201600 0.017 8385.67296
5 3 2013 202700 0.020285714 10061.03187
5 4 2013 193500 0.023571429 11160.02957
5 5 2013 184700 0.026857143 12137.38635
5 6 2013 201600 0.030142857 14868.71424
5 7 2013 198100 0.033428571 16203.19896
5 8 2013 201300 0.036714286 18083.28513
5 9 2013 195300 0.04 19114.4016
5 10 2013 193200 0.036385714 17200.3189
5 11 2013 205900 0.032771429 16510.11856
5 12 2013 202700 0.029157143 14460.96201
5 13 2013 220000 0.025542857 13749.61783
5 14 2013 202400 0.021928571 10859.7373
5 15 2013 208400 0.018314286 9338.694569
5 16 2013 203800 0.0147 7330.270248
5 17 2013 191400 0.015357143 7192.019057
5 18 2013 182900 0.016014286 7166.708659
5 19 2013 187200 0.016671429 7636.197147
5 20 2013 198800 0.017328571 8429.030256
5 21 2013 200900 0.017985714 8841.095844
5 22 2013 195300 0.018642857 8908.67646
5 23 2013 199900 0.0193 9439.925676
5 24 2013 197400 0.019228571 9287.367696
5 25 2013 184700 0.019157143 8657.571862
5 26 2013 188200 0.019085714 8788.737819
5 27 2013 193900 0.019014286 9021.033516
5 28 2013 190000 0.018942857 8806.382743
5 29 2013 208700 0.018871429 9636.641405
5 30 2013 206600 0.0188 9503.566944
5 31 2013 199900 0.021985714 10753.54968
6 1 2013 196000 0.025171429 12071.53248
6 2 2013 188600 0.028357143 13085.8709
6 3 2013 209400 0.031542857 16161.29576
6 4 2013 201300 0.034728571 17105.23974
6 5 2013 199200 0.037914286 18479.51992
6 6 2013 190000 0.0411 19107.0612
6 7 2013 194600 0.041014286 19528.84058
6 8 2013 185400 0.040928571 18566.7029
6 9 2013 192500 0.040842857 19237.3533
6 10 2013 205500 0.040757143 20493.4006
6 11 2013 208700 0.040671429 20768.74949
6 12 2013 206900 0.040585714 20546.23051
6 13 2013 195300 0.0405 19353.33162
6 14 2013 205200 0.037314286 18734.88195
6 15 2013 200900 0.034128571 16776.31292
6 16 2013 203100 0.030942857 15376.90062
6 17 2013 211200 0.027757143 14343.89661
6 18 2013 195300 0.024571429 11741.70384
6 19 2013 192500 0.021385714 10072.8639
6 20 2013 198100 0.0182 8821.741656
6 21 2013 197800 0.021271429 10294.88304
6 22 2013 194600 0.024342857 11590.78522
6 23 2013 188200 0.027414286 12623.94302
6 24 2013 191800 0.030485714 14306.83109
6 25 2013 203400 0.033557143 16700.68933
6 26 2013 208700 0.036628571 18704.27597
6 27 2013 198800 0.0397 19311.02645
6 28 2013 201600 0.042 20717.54496
6 29 2013 198500 0.0443 21516.05814
6 30 2013 191100 0.0466 21789.39017
7 1 2013 187200 0.0489 22398.20294
7 2 2013 205200 0.0512 25706.66803
7 3 2013 209100 0.0535 27371.98458
7 4 2013 205900 0.0558 28111.8235
7 5 2013 204800 0.050642857 25377.3707
7 6 2013 202000 0.045485714 22481.47803
7 7 2013 192500 0.040328571 18995.1201
7 8 2013 203400 0.035171429 17504.08562
7 9 2013 205900 0.030014286 15121.08069
7 10 2013 215100 0.024857143 13082.48033
7 11 2013 204800 0.0197 9871.761408
7 12 2013 207300 0.019614286 9948.790167
7 13 2013 197400 0.019528571 9432.267192
7 14 2013 200600 0.019442857 9543.100241
7 15 2013 203100 0.019357143 9619.436906
7 16 2013 208700 0.019271429 9840.900269
7 17 2013 220400 0.019185714 10346.3707
7 18 2013 214700 0.0191 10033.76404
7 19 2013 218600 0.019485714 10422.33335
7 20 2013 217900 0.019871429 10594.60555
7 21 2013 209800 0.020257143 10398.77416
7 22 2013 215800 0.020642857 10899.82987
7 23 2013 218600 0.021028571 11247.56209
7 24 2013 210100 0.021414286 11008.49925
7 25 2013 206900 0.0218 11036.09566
7 26 2013 223200 0.021471429 11726.10025
7 27 2013 206200 0.021142857 10667.2091
7 28 2013 210500 0.020814286 10720.427
7 29 2013 221400 0.020485714 11097.55228
7 30 2013 221100 0.020157143 10904.76192
7 31 2013 217500 0.019828571 10552.34931
8 1 2013 216100 0.0195 10310.69286
8 2 2013 217900 0.019314286 10297.56053
8 3 2013 209800 0.019128571 9819.434842
8 4 2013 201300 0.018942857 9330.130769
8 5 2013 212900 0.018757143 9771.040634
8 6 2013 214400 0.018571429 9742.458514
8 7 2013 210800 0.018385714 9483.083733
8 8 2013 214700 0.0182 9560.968872
8 9 2013 213300 0.0226 11794.99514
8 10 2013 203400 0.027 13437.33624
8 11 2013 196000 0.0314 15058.58592
8 12 2013 216100 0.0358 18929.37458
8 13 2013 210100 0.0402 20665.72174
8 14 2013 202400 0.0446 22087.36147
8 15 2013 208700 0.049 25021.71084
8 16 2013 210100 0.0458 23544.52874
8 17 2013 196000 0.0426 20429.80128
8 18 2013 195600 0.0394 18856.60675
8 19 2013 202000 0.0362 17891.98032
8 20 2013 203100 0.033 16399.18764
8 21 2013 206200 0.0298 15034.99877
8 22 2013 211900 0.0266 13791.48607
8 23 2013 209100 0.024828571 12702.93971
8 24 2013 193200 0.023057143 10899.61315
8 25 2013 195300 0.021285714 10171.59228
8 26 2013 209800 0.019514286 10017.43689
8 27 2013 208400 0.017742857 9047.315643
8 28 2013 202700 0.015971429 7921.291293
8 29 2013 200900 0.0142 6980.182104
8 30 2013 208400 0.015114286 7706.972585
8 31 2013 201300 0.016028571 7894.726035
9 1 2013 195600 0.016942857 8108.751127
9 2 2013 198100 0.017857143 8655.555
9 3 2013 208700 0.018771429 9585.576689
9 4 2013 211500 0.019685714 10187.32171
9 5 2013 202400 0.0206 10201.78579
9 6 2013 194600 0.019242857 9162.434088
9 7 2013 202000 0.017885714 8840.078674
9 8 2013 192100 0.016528571 7768.929057
9 9 2013 197400 0.015171429 7327.774512
9 10 2013 208400 0.013814286 7044.085529
9 11 2013 210100 0.012457143 6403.876814
9 12 2013 196700 0.0111 5342.269716
9 13 2013 192800 0.017557143 8282.459945
9 14 2013 185800 0.024014286 10917.26507
9 15 2013 195300 0.030471429 14561.07808
9 16 2013 193200 0.036928571 17456.93928
9 17 2013 192500 0.043385714 20435.0619
9 18 2013 191800 0.049842857 23391.06545
9 19 2013 200600 0.0563 27633.6209
9 20 2013 199500 0.049928571 24371.9631
9 21 2013 191400 0.043557143 20398.57312
9 22 2013 186800 0.037185714 16996.18587
9 23 2013 201600 0.030814286 15199.91309
9 24 2013 201600 0.024442857 12057.04742
9 25 2013 196000 0.018071429 8666.5656
9 26 2013 198100 0.0117 5671.119636
9 27 2013 186100 0.013814286 6290.327817
9 28 2013 180500 0.015928571 7034.812157
9 29 2013 188200 0.018042857 8308.51487
9 30 2013 195300 0.020157143 9632.293092
10 1 2013 197400 0.022271429 10757.06258
10 2 2013 197100 0.024385714 11760.35894
10 3 2013 193900 0.0265 12572.51478
10 4 2013 202000 0.0266 13147.14576
10 5 2013 188200 0.0267 12295.02319
10 6 2013 197100 0.0268 12924.6827
10 7 2013 208400 0.0269 13716.66293
10 8 2013 213700 0.027 14117.79132
10 9 2013 201300 0.0271 13347.85676
10 10 2013 198100 0.0272 13184.14138
10 11 2013 196300 0.026328571 12645.79294
10 12 2013 186500 0.025457143 11616.81218
10 13 2013 185400 0.024585714 11152.98279
10 14 2013 192500 0.023714286 11169.642
10 15 2013 202000 0.022842857 11290.16438
10 16 2013 202700 0.021971429 10897.08945
10 17 2013 213300 0.0211 11012.14148
10 18 2013 216500 0.0235 12448.7067
10 19 2013 203800 0.0259 12915.23806
10 20 2013 206600 0.0283 14305.9013
10 21 2013 211900 0.0307 15917.24144
10 22 2013 216500 0.0331 17534.13582
10 23 2013 207700 0.0355 18041.11278
10 24 2013 212600 0.0379 19715.18887
10 25 2013 206200 0.033514286 16908.96793
10 26 2013 224600 0.029128571 16007.64371
10 27 2013 202700 0.024742857 12271.62479
10 28 2013 198800 0.020357143 9902.1996
10 29 2013 197400 0.015971429 7714.173168
10 30 2013 196700 0.011585714 5576.036988
10 31 2013 195300 0.0072 3440.592288
11 1 2013 226400 0.013571429 7517.967771
11 2 2013 198500 0.019942857 9686.042297
11 3 2013 190300 0.026314286 12252.61665
11 4 2013 198800 0.032685714 15899.11066
11 5 2013 198800 0.039057143 18998.32541
11 6 2013 198100 0.045428571 22019.73192
11 7 2013 210800 0.0518 26717.68579
11 8 2013 211200 0.051285714 26502.61906
11 9 2013 202000 0.050771429 25093.96135
11 10 2013 209800 0.050257143 25798.93336
11 11 2013 217900 0.049742857 26520.7883
11 12 2013 196300 0.049228571 23644.81958
11 13 2013 212200 0.048714286 25292.99105
11 14 2013 222800 0.0482 26276.08733
11 15 2013 204500 0.044657143 22345.12137
11 16 2013 191800 0.041114286 19294.7797
11 17 2013 191800 0.037571429 17632.13016
11 18 2013 251400 0.034028571 20931.84269
11 19 2013 207300 0.030485714 15463.014
11 20 2013 196300 0.026942857 12940.83857
11 21 2013 196000 0.0234 11222.00352
11 22 2013 191100 0.026242857 12270.72647
11 23 2013 191800 0.029085714 13649.81635
11 24 2013 196300 0.031928571 15335.51125
11 25 2013 207700 0.034771429 17670.85252
11 26 2013 211200 0.037614286 19437.71476
11 27 2013 200900 0.040457143 19887.19891
11 28 2013 190000 0.0433 20129.8236
11 29 2013 195600 0.040714286 19485.61611
11 30 2013 187900 0.038128571 17529.75255
12 1 2013 184700 0.035542857 16062.66875
12 2 2013 195600 0.032957143 15773.09347
12 3 2013 189300 0.030371429 14067.4152
12 4 2013 187200 0.027785714 12726.99525
12 5 2013 196000 0.0252 12085.23456
12 6 2013 196300 0.0319 15321.7882
12 7 2013 191800 0.0386 18114.83486
12 8 2013 174800 0.0453 19374.83899
12 9 2013 207300 0.052 26375.52528
12 10 2013 220700 0.0587 31698.51421
12 11 2013 209400 0.0654 33508.33877
12 12 2013 213300 0.0721 37629.16592
12 13 2013 208400 0.066257143 33785.38644
12 14 2013 170600 0.060414286 25218.37763
12 15 2013 196000 0.054571429 26170.9728
12 16 2013 202000 0.048728571 24084.27185
12 17 2013 199200 0.042885714 20902.60693
12 18 2013 203100 0.037042857 18408.26561
12 19 2013 194600 0.0312 14855.79514
12 20 2013 190300 0.031790476 14802.47354
12 21 2013 188900 0.032380952 14966.49303
12 22 2013 197100 0.032971429 15900.94226
12 23 2013 226700 0.033561905 18616.43819
12 24 2013 222800 0.034152381 18618.06939
12 25 2013 211200 0.034742857 17953.86339
12 26 2013 221100 0.035333333 19114.89096
12 27 2013 197400 0.03592381 17351.13965
12 28 2013 212900 0.036514286 19021.15755
12 29 2013 202700 0.037104762 18402.7137
12 30 2013 204800 0.037695238 18889.25872
12 31 2013 216100 0.038285714 20243.70466
