1  1  2013 10700 0.04824 1.262959862
1  2  2013 10500 0.04804 1.234214856
1  3  2013 10700 0.04803 1.257461903
1  4  2013 9910 0.04754 1.152739842
1  5  2013 9750 0.04736 1.129834368
1  6  2013 9710 0.04724 1.122348139
1  7  2013 10130 0.04737 1.174116799
1  8  2013 10500 0.04743 1.218543102
1  9  2013 10600 0.04738 1.22885147
1  10  2013 10100 0.04704 1.162484467
1  11  2013 9850 0.04682 1.128407884
1  12  2013 10200 0.0469 1.170500184
1  13  2013 11800 0.04754 1.37258629
1  14  2013 14700 0.04859 1.747683176
1  15  2013 14500 0.04842 1.717873812
1  16  2013 13200 0.04784 1.545124838
1  17  2013 12500 0.04747 1.45186995
1  18  2013 11800 0.04709 1.359593782
1  19  2013 11400 0.04683 1.306253542
1  20  2013 10500 0.04634 1.190539476
1  21  2013 10400 0.04621 1.175892931
1  22  2013 10300 0.04609 1.161562024
1  23  2013 9710 0.04573 1.086472912
1  24  2013 9680 0.04564 1.080984495
1  25  2013 8920 0.04518 0.986074102
1  26  2013 6770 0.04386 0.726533707
1  27  2013 4830 0.04238 0.500848705
1  28  2013 4930 0.0424 0.511459498
1  29  2013 5390 0.04269 0.563006478
1  30  2013 7640 0.04412 0.824759514
1  31  2013 12920 0.04656 1.471885263
2  1  2013 12000 0.04613 1.354450608
2  2  2013 12700 0.04635 1.440296586
2  3  2013 12100 0.04604 1.363073131
2  4  2013 11070 0.04553 1.23322904
2  5  2013 10500 0.04524 1.162278936
2  6  2013 10400 0.04513 1.148410474
2  7  2013 10000 0.0449 1.0986132
2  8  2013 9820 0.04476 1.075474302
2  9  2013 9430 0.04452 1.027224384
2  10  2013 10100 0.0448 1.107128064
2  11  2013 10100 0.04475 1.10589243
2  12  2013 10100 0.0447 1.104656796
2  13  2013 9800 0.04452 1.067529053
2  14  2013 9300 0.04424 1.006691818
2  15  2013 9570 0.04433 1.038025783
2  16  2013 9430 0.04422 1.020302387
2  17  2013 9150 0.04405 0.986201091
2  18  2013 9220 0.04405 0.993745799
2  19  2013 8910 0.04386 0.956191334
2  20  2013 7690 0.04317 0.812282058
2  21  2013 6550 0.04246 0.680486888
2  22  2013 5380 0.04163 0.548008328
2  23  2013 5460 0.04166 0.556557936
2  24  2013 5720 0.04183 0.585439964
2  25  2013 5860 0.04191 0.600915974
2  26  2013 5830 0.04187 0.597269018
2  27  2013 6030 0.04199 0.619529026
2  28  2013 7130 0.04268 0.744581793
3  1  2013 8400 0.04338 0.891594346
3  2  2013 9370 0.04386 1.005556992
3  3  2013 8680 0.04351 0.924075126
3  4  2013 8133 0.04321 0.859871412
3  5  2013 7670 0.04294 0.805853091
3  6  2013 7230 0.04268 0.755024736
3  7  2013 6920 0.0425 0.71960388
3  8  2013 6750 0.04239 0.700109001
3  9  2013 6230 0.04206 0.641144302
3  10  2013 6780 0.04241 0.703552383
3  11  2013 7410 0.0428 0.775997726
3  12  2013 12470 0.04521 1.379429255
3  13  2013 11700 0.0449 1.285377444
3  14  2013 11100 0.04466 1.212942377
3  15  2013 9810 0.04409 1.058297032
3  16  2013 9270 0.04385 0.994598509
3  17  2013 8380 0.0434 0.889881586
3  18  2013 7440 0.0429 0.780959837
3  19  2013 6780 0.04252 0.705377206
3  20  2013 6870 0.0426 0.716085382
3  21  2013 6870 0.04262 0.716421572
3  22  2013 6890 0.04266 0.719181562
3  23  2013 6840 0.04265 0.713795177
3  24  2013 6450 0.04243 0.66962432
3  25  2013 4410 0.04095 0.441866389
3  26  2013 3450 0.04008 0.338333717
3  27  2013 3340 0.04 0.32689248
3  28  2013 4030 0.04071 0.401425189
3  29  2013 3910 0.04063 0.388706722
3  30  2013 3640 0.04041 0.359905684
3  31  2013 3280 0.04008 0.3216622
4  1  2013 3533 0.04038 0.349066703
4  2  2013 3570 0.04046 0.353421175
4  3  2013 4330 0.04121 0.436605279
4  4  2013 7917 0.04374 0.847301344
4  5  2013 8400 0.04406 0.905570467
4  6  2013 7806 0.04378 0.836185777
4  7  2013 7287 0.04352 0.775954271
4  8  2013 6560 0.04313 0.692279975
4  9  2013 6500 0.04314 0.686107188
4  10  2013 7180 0.04363 0.766492887
4  11  2013 10900 0.04561 1.216424173
4  12  2013 15570 0.04747 1.80844921
4  13  2013 15980 0.04767 1.863890517
4  14  2013 17270 0.04814 2.034215201
4  15  2013 17600 0.04832 2.080837018
4  16  2013 17400 0.04833 2.057616886
4  17  2013 16800 0.04822 1.982142893
4  18  2013 16400 0.04817 1.932942638
4  19  2013 16000 0.04811 1.883448768
4  20  2013 14900 0.04781 1.743024469
4  21  2013 14700 0.04782 1.719987847
4  22  2013 14300 0.04776 1.671086102
4  23  2013 14100 0.04777 1.648059268
4  24  2013 13000 0.04743 1.508672412
4  25  2013 13100 0.04755 1.524123954
4  26  2013 12100 0.04723 1.398304604
4  27  2013 9480 0.04612 1.069784024
4  28  2013 9020 0.04597 1.014564152
4  29  2013 5740 0.04403 0.618385147
4  30  2013 2450 0.0409 0.245181594
5  1  2013 2570 0.04114 0.258699675
5  2  2013 2510 0.04115 0.252721408
5  3  2013 2000 0.04048 0.198092928
5  4  2013 1850 0.04032 0.182511706
5  5  2013 2560 0.04147 0.259760118
5  6  2013 2470 0.04143 0.250386182
5  7  2013 2170 0.04109 0.218169656
5  8  2013 4170 0.04353 0.444143381
5  9  2013 3840 0.0433 0.40683433
5  10  2013 4430 0.04395 0.47638829
5  11  2013 5470 0.04492 0.6012091
5  12  2013 5190 0.0448 0.568910362
5  13  2013 6300 0.04574 0.705074782
5  14  2013 5450 0.0452 0.602744712
5  15  2013 3990 0.04403 0.42985309
5  16  2013 2040 0.04171 0.208194297
5  17  2013 1950 0.04166 0.198770692
5  18  2013 2350 0.04238 0.243684152
5  19  2013 2530 0.04274 0.264577867
5  20  2013 2650 0.043 0.27881286
5  21  2013 2840 0.04335 0.301235335
5  22  2013 4630 0.04535 0.513755819
5  23  2013 7700 0.04773 0.899250383
5  24  2013 10200 0.04924 1.228900406
5  25  2013 9950 0.04923 1.198536842
5  26  2013 8910 0.04878 1.063452195
5  27  2013 4040 0.04533 0.448090314
5  28  2013 5260 0.04655 0.59910632
5  29  2013 7200 0.04809 0.847199606
5  30  2013 11300 0.05048 1.395713443
5  31  2013 11200 0.05056 1.38555433
6  1  2013 9620 0.04988 1.174086214
6  2  2013 6100 0.04778 0.713139434
6  3  2013 7273 0.04873 0.867178438
6  4  2013 6300 0.04817 0.742532843
6  5  2013 7880 0.04936 0.951699498
6  6  2013 8070 0.04959 0.979188073
6  7  2013 15300 0.05316 1.990099886
6  8  2013 14800 0.0531 1.922891184
6  9  2013 14700 0.05319 1.913135792
6  10  2013 14800 0.05335 1.931944344
6  11  2013 14800 0.05348 1.936651987
6  12  2013 13700 0.05317 1.782320077
6  13  2013 15600 0.05405 2.063092824
6  14  2013 19570 0.05552 2.658512796
6  15  2013 18100 0.05519 2.444203945
6  16  2013 17200 0.05502 2.315514499
6  17  2013 16830 0.05503 2.266115809
6  18  2013 14200 0.05414 1.881070478
6  19  2013 11000 0.05282 1.421639736
6  20  2013 10500 0.05269 1.353679866
6  21  2013 8790 0.05186 1.115372312
6  22  2013 8720 0.05194 1.108196826
6  23  2013 5630 0.04988 0.687121142
6  24  2013 3720 0.04816 0.438356943
6  25  2013 5930 0.05036 0.730699629
6  26  2013 8850 0.0525 1.13684445
6  27  2013 11500 0.05406 1.521151092
6  28  2013 11800 0.05433 1.568628799
6  29  2013 11800 0.05446 1.57238219
6  30  2013 10600 0.05397 1.399770238
7  1  2013 10900 0.05425 1.44685401
7  2  2013 11800 0.05482 1.582776197
7  3  2013 11370 0.05471 1.522038546
7  4  2013 11700 0.05501 1.574802076
7  5  2013 13300 0.05588 1.818471547
7  6  2013 14000 0.05631 1.928910312
7  7  2013 13800 0.05634 1.902367426
7  8  2013 12300 0.05577 1.678433843
7  9  2013 11800 0.05564 1.606451434
7  10  2013 12400 0.05605 1.700574936
7  11  2013 12300 0.05612 1.688967317
7  12  2013 11900 0.05603 1.631421028
7  13  2013 11000 0.05569 1.498885212
7  14  2013 4740 0.0514 0.596128565
7  15  2013 5780 0.05245 0.741774335
7  16  2013 4453 0.05131 0.559053257
7  17  2013 3980 0.0509 0.495677638
7  18  2013 3240 0.0501 0.397174363
7  19  2013 4020 0.05113 0.502921634
7  20  2013 4020 0.05122 0.503806886
7  21  2013 2850 0.04984 0.347553259
7  22  2013 4100 0.05149 0.516541501
7  23  2013 3450 0.05082 0.428994997
7  24  2013 3110 0.05046 0.383977792
7  25  2013 2200 0.04915 0.264572484
7  26  2013 1340 0.04742 0.155476523
7  27  2013 1730 0.04841 0.204917787
7  28  2013 2490 0.04988 0.303895496
7  29  2013 4640 0.05267 0.597970516
7  30  2013 3140 0.05099 0.391753722
7  31  2013 7387 0.05518 0.99735155
8  1  2013 9080 0.05641 1.253257811
8  2  2013 8670 0.05623 1.1928495
8  3  2013 5630 0.054 0.743876136
8  4  2013 5190 0.05367 0.681549534
8  5  2013 3713 0.05216 0.473871952
8  6  2013 1450 0.04847 0.171964774
8  7  2013 593 0.04549 0.066003825
8  8  2013 617 0.04568 0.068961981
8  9  2013 2190 0.05019 0.268942713
8  10  2013 5800 0.05462 0.775136453
8  11  2013 4840 0.05378 0.636890295
8  12  2013 5450 0.05442 0.725693965
8  13  2013 5120 0.05416 0.678495683
8  14  2013 4270 0.05334 0.557287572
8  15  2013 3520 0.0525 0.45216864
8  16  2013 3590 0.05263 0.462302552
8  17  2013 2740 0.0515 0.345267948
8  18  2013 2560 0.05126 0.321082798
8  19  2013 1310 0.04875 0.156258765
8  20  2013 2790 0.0517 0.352933772
8  21  2013 2550 0.05136 0.320452502
8  22  2013 2340 0.05105 0.292287388
8  23  2013 2780 0.05179 0.352280966
8  24  2013 1940 0.05037 0.239095913
8  25  2013 682 0.04669 0.077912425
8  26  2013 1830 0.05019 0.224732952
8  27  2013 2790 0.05191 0.354367353
8  28  2013 3430 0.05284 0.443460968
8  29  2013 3710 0.05321 0.483020586
8  30  2013 2800 0.05199 0.35618557
8  31  2013 2410 0.05138 0.302976967
9  1  2013 2390 0.05135 0.3002872
9  2  2013 3030 0.05236 0.388186777
9  3  2013 3750 0.05333 0.489329415
9  4  2013 2347 0.0513 0.294597411
9  5  2013 3850 0.05346 0.503602823
9  6  2013 4690 0.05441 0.62438152
9  7  2013 4620 0.05433 0.614158055
9  8  2013 3940 0.05357 0.516435799
9  9  2013 4180 0.05384 0.550655276
9  10  2013 4360 0.05404 0.576501314
9  11  2013 5010 0.05471 0.670660784
9  12  2013 4830 0.05452 0.644319759
9  13  2013 4360 0.05401 0.576181272
9  14  2013 3120 0.05245 0.400404139
9  15  2013 4630 0.05426 0.614694394
9  16  2013 4177 0.05374 0.549238041
9  17  2013 1520 0.04951 0.184134423
9  18  2013 1490 0.04941 0.180135618
9  19  2013 2000 0.0505 0.2471268
9  20  2013 1910 0.05029 0.235024683
9  21  2013 1900 0.05024 0.233561741
9  22  2013 1980 0.05037 0.244025726
9  23  2013 6210 0.05553 0.843757693
9  24  2013 2890 0.05185 0.366644416
9  25  2013 2400 0.05103 0.29966449
9  26  2013 2490 0.05114 0.311572086
9  27  2013 2480 0.05108 0.309956709
9  28  2013 1810 0.04979 0.220505371
9  29  2013 1610 0.04931 0.19424925
9  30  2013 1720 0.0495 0.208320552
10  1  2013 2060 0.05015 0.252776461
10  2  2013 2130 0.05023 0.261782887
10  3  2013 1850 0.04963 0.224654165
10  4  2013 2310 0.05044 0.285092328
10  5  2013 1670 0.04913 0.200752844
10  6  2013 1850 0.04946 0.223884647
10  7  2013 4440 0.05312 0.577084631
10  8  2013 7750 0.05592 1.060394184
10  9  2013 10500 0.05759 1.479567726
10  10  2013 8840 0.05651 1.222295025
10  11  2013 6120 0.05444 0.815207207
10  12  2013 4710 0.05305 0.611370905
10  13  2013 4440 0.0527 0.572521838
10  14  2013 4430 0.05261 0.570256836
10  15  2013 4260 0.05235 0.545663315
10  16  2013 4660 0.05269 0.600776017
10  17  2013 4520 0.05247 0.580293854
10  18  2013 4290 0.05214 0.547301692
10  19  2013 3050 0.05053 0.377092252
10  20  2013 2590 0.04977 0.315403041
10  21  2013 2530 0.04959 0.306982134
10  22  2013 6080 0.05349 0.795746339
10  23  2013 8820 0.05538 1.195143375
10  24  2013 8610 0.05515 1.161842182
10  25  2013 8930 0.05526 1.2074268
10  26  2013 8720 0.05503 1.174125363
10  27  2013 6430 0.0533 0.838564849
10  28  2013 4680 0.05163 0.591216369
10  29  2013 5950 0.0527 0.767230842
10  30  2013 5040 0.05179 0.638667651
10  31  2013 3850 0.05044 0.475153879
11  1  2013 4580 0.05113 0.572980369
11  2  2013 8740 0.0543 1.161207238
11  3  2013 10000 0.05494 1.34427192
11  4  2013 9573 0.05459 1.278673383
11  5  2013 9110 0.0542 1.208136862
11  6  2013 7430 0.05299 0.963343575
11  7  2013 6860 0.05247 0.880711469
11  8  2013 8600 0.05354 1.126614379
11  9  2013 9170 0.05378 1.20667025
11  10  2013 8730 0.05339 1.140440512
11  11  2013 8170 0.05292 1.05788964
11  12  2013 8180 0.05281 1.056982855
11  13  2013 7500 0.05224 0.95865624
11  14  2013 5270 0.05038 0.649631762
11  15  2013 4760 0.04979 0.579892579
11  16  2013 5470 0.05032 0.673482679
11  17  2013 2580 0.04699 0.296635841
11  18  2013 3460 0.04806 0.4068725
11  19  2013 2810 0.0471 0.323836427
11  20  2013 4450 0.04891 0.532544797
11  21  2013 8030 0.05164 1.014612599
11  22  2013 8440 0.05178 1.069308366
11  23  2013 8790 0.05187 1.115587386
11  24  2013 8640 0.05166 1.092110584
11  25  2013 8780 0.05161 1.108732675
11  26  2013 9270 0.05178 1.174465468
11  27  2013 11600 0.05288 1.500886694
11  28  2013 13900 0.05378 1.829085766
11  29  2013 14600 0.05393 1.92655649
11  30  2013 13900 0.05352 1.82024303
12  1  2013 13400 0.05318 1.743619042
12  2  2013 12000 0.05243 1.539428688
12  3  2013 8870 0.05068 1.099913919
12  4  2013 9050 0.05066 1.121791736
12  5  2013 9810 0.05096 1.223198384
12  6  2013 13800 0.05271 1.779797426
12  7  2013 13100 0.05228 1.675735022
12  8  2013 13300 0.05224 1.700017066
12  9  2013 13300 0.05212 1.696111973
12  10  2013 13000 0.05186 1.649583624
12  11  2013 12800 0.05165 1.617628416
12  12  2013 12600 0.05144 1.585878739
12  13  2013 10600 0.05038 1.30665971
12  14  2013 11200 0.05055 1.385280288
12  15  2013 9940 0.04981 1.211438574
12  16  2013 11500 0.05045 1.41957219
12  17  2013 9560 0.04936 1.154599899
12  18  2013 8750 0.0488 1.0447836
12  19  2013 9910 0.04931 1.195658426
12  20  2013 10500 0.04949 1.271467386
12  21  2013 11500 0.04985 1.40268927
12  22  2013 16500 0.05171 2.087646462
12  23  2013 18000 0.05209 2.294168616
12  24  2013 17600 0.05184 2.232421171
12  25  2013 16900 0.05149 2.129158871
12  26  2013 15600 0.05092 1.943620474
12  27  2013 14000 0.05021 1.719953592
12  28  2013 12000 0.04927 1.446646032
12  29  2013 11600 0.04898 1.390193462
12  30  2013 13000 0.04947 1.573561548
12  31  2013 13100 0.0494 1.583422152
