  7.5000003E-02
  0.2250000    
  0.3750000    
  0.5250000    
  0.6750000    
  0.8250000    
  0.9750000    
   1.125000    
   1.275000    
   1.425000    
   1.575000    
   1.725000    
   1.875000    
   2.025000    
   2.175000    
   2.325000    
   2.475000    
   2.625000    
   2.775000    
   2.925000    
   3.075000    
   3.225000    
   3.375000    
   3.525000    
   3.675000    
   3.825000    
   3.975000    
   4.125000    
   4.275000    
   4.425000    
   4.575000    
   4.725000    
   4.875000    
   5.025000    
   5.175000    
   5.325000    
   5.475000    
   5.625000    
   5.775000    
   5.925000    
   6.075000    
   6.225000    
   6.375000    
   6.525000    
   6.675000    
   6.825000    
   6.975000    
   7.125000    
   7.275000    
   7.425000    
   7.575000    
   7.725000    
   7.875000    
   8.025000    
   8.175000    
   8.325000    
   8.475000    
   8.625000    
   8.775000    
   8.925000    
   9.075000    
   9.225000    
   9.375000    
   9.525000    
   9.675000    
   9.825000    
   9.975000    
   10.12500    
   10.27500    
   10.42500    
   10.57500    
   10.72500    
   10.87500    
   11.02500    
   11.17500    
   11.32500    
   11.47500    
   11.62500    
   11.77500    
   11.92500    
   12.07500    
   12.22500    
   12.37500    
   12.52500    
   12.67500    
   12.82500    
   12.97500    
   13.12500    
   13.27500    
   13.42500    
   13.57500    
   13.72500    
   13.87500    
   14.02500    
   14.17500    
   14.32500    
   14.47500    
   14.62500    
   14.77500    
   14.92500    
   15.07500    
   15.22500    
   15.37500    
   15.52500    
   15.67500    
   15.82500    
   15.97500    
   16.12500    
   16.27500    
   16.42500    
   16.57500    
   16.72500    
   16.87500    
   17.02500    
   17.17500    
   17.32500    
   17.47500    
   17.62500    
   17.77500    
   17.92500    
   18.07500    
   18.22500    
   18.37500    
   18.52500    
   18.67500    
   18.82500    
   18.97500    
   19.12500    
   19.27500    
   19.42500    
   19.57500    
   19.72500    
   19.87500    
   20.02500    
   20.17500    
   20.32500    
   20.47500    
   20.62500    
   20.77500    
   20.92500    
   21.07500    
   21.22500    
   21.37500    
   21.52500    
   21.67500    
   21.82500    
   21.97500    
   22.12500    
   22.27500    
   22.42500    
   22.57500    
   22.72500    
   22.87500    
   23.02500    
   23.17500    
   23.32500    
   23.47500    
   23.62500    
   23.77500    
   23.92500    
   24.07500    
   24.22500    
   24.37500    
   24.52500    
   24.67500    
   24.82500    
   24.97500    
   25.12500    
   25.27500    
   25.42500    
   25.57500    
   25.72500    
   25.87500    
   26.02500    
   26.17500    
   26.32500    
   26.47500    
   26.62500    
   26.77500    
   26.92500    
   27.07500    
   27.22500    
   27.37500    
   27.52500    
   27.67500    
   27.82500    
   27.97500    
   28.12500    
   28.27500    
   28.42500    
   28.57500    
   28.72500    
   28.87500    
   29.02500    
   29.17500    
   29.32500    
   29.47500    
   29.62500    
   29.77500    
   29.92500    
   30.07500    
   30.22500    
   30.37500    
   30.52500    
   30.67500    
   30.82500    
   30.97500    
   31.12500    
   31.27500    
   31.42500    
   31.57500    
   31.72500    
   31.87500    
   32.02500    
   32.17500    
   32.32500    
   32.47500    
   32.62500    
   32.77500    
   32.92500    
   33.07500    
   33.22500    
   33.37500    
   33.52500    
   33.67500    
   33.82500    
   33.97500    
   34.12500    
   34.27500    
   34.42500    
   34.57500    
   34.72500    
   34.87500    
   35.02500    
   35.17500    
   35.32500    
   35.47500    
   35.62500    
   35.77500    
   35.92500    
   36.07500    
   36.22500    
   36.37500    
   36.52500    
   36.67500    
   36.82500    
   36.97500    
   37.12500    
   37.27500    
   37.42500    
   37.57500    
   37.72500    
   37.87500    
   38.02500    
   38.17500    
   38.32500    
   38.47500    
   38.62500    
   38.77500    
   38.92500    
   39.07500    
   39.22500    
   39.37500    
   39.52500    
   39.67500    
   39.82500    
   39.97500    
   40.12500    
   40.27500    
   40.42500    
   40.57500    
   40.72500    
   40.87500    
   41.02500    
   41.17500    
   41.32500    
   41.47500    
   41.62500    
   41.77500    
   41.92500    
   42.07500    
   42.22500    
   42.37500    
   42.52500    
   42.67500    
   42.82500    
   42.97500    
   43.12500    
   43.27500    
   43.42500    
   43.57500    
   43.72500    
   43.87500    
   44.02500    
   44.17500    
   44.32500    
   44.47500    
   44.62500    
   44.77500    
   44.92500    
   45.07500    
   45.22500    
   45.37500    
   45.52500    
   45.67500    
   45.82500    
   45.97500    
   46.12500    
   46.27500    
   46.42500    
   46.57500    
   46.72500    
   46.87500    
   47.02500    
   47.17500    
   47.32500    
   47.47500    
   47.62500    
   47.77500    
   47.92500    
   48.07500    
   48.22500    
   48.37500    
   48.52500    
   48.67500    
   48.82500    
   48.97500    
   49.12500    
   49.27500    
   49.42500    
   49.57500    
   49.72500    
   49.87500    
   50.02500    
   50.17500    
   50.32500    
   50.47500    
   50.62500    
   50.77500    
   50.92500    
   51.07500    
   51.22500    
   51.37500    
   51.52500    
   51.67500    
   51.82500    
   51.97500    
   52.12500    
   52.27500    
   52.42500    
   52.57500    
   52.72500    
   52.87500    
   53.02500    
   53.17500    
   53.32500    
   53.47500    
   53.62500    
   53.77500    
   53.92500    
   54.07500    
   54.22500    
   54.37500    
   54.52500    
   54.67500    
   54.82500    
   54.97500    
   55.12500    
   55.27500    
   55.42500    
   55.57500    
   55.72500    
   55.87500    
   56.02500    
   56.17500    
   56.32500    
   56.47500    
   56.62500    
   56.77500    
   56.92500    
   57.07500    
   57.22500    
   57.37500    
   57.52500    
   57.67500    
   57.82500    
   57.97500    
   58.12500    
   58.27500    
   58.42500    
   58.57500    
   58.72500    
   58.87500    
   59.02500    
   59.17500    
   59.32500    
   59.47500    
   59.62500    
   59.77500    
   59.92500    
   60.07500    
   60.22500    
   60.37500    
   60.52500    
   60.67500    
   60.82500    
   60.97500    
   61.12500    
   61.27500    
   61.42500    
   61.57500    
   61.72500    
   61.87500    
   62.02500    
   62.17500    
   62.32500    
   62.47500    
   62.62500    
   62.77500    
   62.92500    
   63.07500    
   63.22500    
   63.37500    
   63.52500    
   63.67500    
   63.82500    
   63.97500    
   64.12500    
   64.27500    
   64.42500    
   64.57500    
   64.72500    
   64.87500    
   65.02500    
   65.17500    
   65.32500    
   65.47500    
   65.62500    
   65.77500    
   65.92500    
   66.07500    
   66.22500    
   66.37500    
   66.52500    
   66.67500    
   66.82500    
   66.97500    
   67.12500    
   67.27500    
   67.42500    
   67.57500    
   67.72500    
   67.87500    
   68.02500    
   68.17500    
   68.32500    
   68.47500    
   68.62500    
   68.77500    
   68.92500    
   69.07500    
   69.22500    
   69.37500    
   69.52500    
   69.67500    
   69.82500    
   69.97500    
   70.12500    
   70.27500    
   70.42500    
   70.57500    
   70.72500    
   70.87500    
   71.02500    
   71.17500    
   71.32500    
   71.47500    
   71.62500    
   71.77500    
   71.92500    
   72.07500    
   72.22500    
   72.37500    
   72.52500    
   72.67500    
   72.82500    
   72.97500    
   73.12500    
   73.27500    
   73.42500    
   73.57500    
   73.72500    
   73.87500    
   74.02500    
   74.17500    
   74.32500    
   74.47500    
   74.62500    
   74.77500    
   74.92500    
   75.07500    
   75.22500    
   75.37500    
   75.52500    
   75.67500    
   75.82500    
   75.97500    
   76.12500    
   76.27500    
   76.42500    
   76.57500    
   76.72500    
   76.87500    
   77.02500    
   77.17500    
   77.32500    
   77.47500    
   77.62500    
   77.77500    
   77.92500    
   78.07500    
   78.22500    
   78.37500    
   78.52500    
   78.67500    
   78.82500    
   78.97500    
   79.12500    
   79.27500    
   79.42500    
   79.57500    
   79.72500    
   79.87500    
   80.02500    
   80.17500    
   80.32500    
   80.47500    
   80.62500    
   80.77500    
   80.92500    
   81.07500    
   81.22500    
   81.37500    
   81.52500    
   81.67500    
   81.82500    
   81.97500    
   82.12500    
   82.27500    
   82.42500    
   82.57500    
   82.72500    
   82.87500    
   83.02500    
   83.17500    
   83.32500    
   83.47500    
   83.62500    
   83.77500    
   83.92500    
   84.07500    
   84.22500    
   84.37500    
   84.52500    
   84.67500    
   84.82500    
   84.97500    
   85.12500    
   85.27500    
   85.42500    
   85.57500    
   85.72500    
   85.87500    
   86.02500    
   86.17500    
   86.32500    
   86.47500    
   86.62500    
   86.77500    
   86.92500    
   87.07500    
   87.22500    
   87.37500    
   87.52500    
   87.67500    
   87.82500    
   87.97500    
   88.12500    
   88.27500    
   88.42500    
   88.57500    
   88.72500    
   88.87500    
   89.02500    
   89.17500    
   89.32500    
   89.47500    
   89.62500    
   89.77500    
   89.92500    
   90.07500    
   90.22500    
   90.37500    
   90.52500    
   90.67500    
   90.82500    
   90.97500    
   91.12500    
   91.27500    
   91.42500    
   91.57500    
   91.72500    
   91.87500    
   92.02500    
   92.17500    
   92.32500    
   92.47500    
   92.62500    
   92.77500    
   92.92500    
   93.07500    
   93.22500    
   93.37500    
   93.52500    
   93.67500    
   93.82500    
   93.97500    
   94.12500    
   94.27500    
   94.42500    
   94.57500    
   94.72500    
   94.87500    
   95.02500    
   95.17500    
   95.32500    
   95.47500    
   95.62500    
   95.77500    
   95.92500    
   96.07500    
   96.22500    
   96.37500    
   96.52500    
   96.67500    
   96.82500    
   96.97500    
   97.12500    
   97.27500    
   97.42500    
   97.57500    
   97.72500    
   97.87500    
   98.02500    
   98.17500    
   98.32500    
   98.47500    
   98.62500    
   98.77500    
   98.92500    
   99.07500    
   99.22500    
   99.37500    
   99.52500    
   99.67500    
   99.82500    
   99.97500    
   100.1250    
   100.2750    
   100.4250    
   100.5750    
   100.7250    
   100.8750    
   101.0250    
   101.1750    
   101.3250    
   101.4750    
   101.6250    
   101.7750    
   101.9250    
   102.0750    
   102.2250    
   102.3750    
   102.5250    
   102.6750    
   102.8250    
   102.9750    
   103.1250    
   103.2750    
   103.4250    
   103.5750    
   103.7250    
   103.8750    
   104.0250    
   104.1750    
   104.3250    
   104.4750    
   104.6250    
   104.7750    
   104.9250    
   105.0750    
   105.2250    
   105.3750    
   105.5250    
   105.6750    
   105.8250    
   105.9750    
   106.1250    
   106.2750    
   106.4250    
   106.5750    
   106.7250    
   106.8750    
   107.0250    
   107.1750    
   107.3250    
   107.4750    
   107.6250    
   107.7750    
   107.9250    
   108.0750    
   108.2250    
   108.3750    
   108.5250    
   108.6750    
   108.8250    
   108.9750    
   109.1250    
   109.2750    
   109.4250    
   109.5750    
   109.7250    
   109.8750    
   110.0250    
   110.1750    
   110.3250    
   110.4750    
   110.6250    
   110.7750    
   110.9250    
   111.0750    
   111.2250    
   111.3750    
   111.5250    
   111.6750    
   111.8250    
   111.9750    
   112.1250    
   112.2750    
   112.4250    
   112.5750    
   112.7250    
   112.8750    
   113.0250    
   113.1750    
   113.3250    
   113.4750    
   113.6250    
   113.7750    
   113.9250    
   114.0750    
   114.2250    
   114.3750    
   114.5250    
   114.6750    
   114.8250    
   114.9750    
   115.1250    
   115.2750    
   115.4250    
   115.5750    
   115.7250    
   115.8750    
   116.0250    
   116.1750    
   116.3250    
   116.4750    
   116.6250    
   116.7750    
   116.9250    
   117.0750    
   117.2250    
   117.3750    
   117.5250    
   117.6750    
   117.8250    
   117.9750    
   118.1250    
   118.2750    
   118.4250    
   118.5750    
   118.7250    
   118.8750    
   119.0250    
   119.1750    
   119.3250    
   119.4750    
   119.6250    
   119.7750    
   119.9250    
   120.0750    
   120.2250    
   120.3750    
   120.5250    
   120.6750    
   120.8250    
   120.9750    
   121.1250    
   121.2750    
   121.4250    
   121.5750    
   121.7250    
   121.8750    
   122.0250    
   122.1750    
   122.3250    
   122.4750    
   122.6250    
   122.7750    
   122.9250    
   123.0750    
   123.2250    
   123.3750    
   123.5250    
   123.6750    
   123.8250    
   123.9750    
   124.1250    
   124.2750    
   124.4250    
   124.5750    
   124.7250    
   124.8750    
   125.0250    
   125.1750    
   125.3250    
   125.4750    
   125.6250    
   125.7750    
   125.9250    
   126.0750    
   126.2250    
   126.3750    
   126.5250    
   126.6750    
   126.8250    
   126.9750    
   127.1250    
   127.2750    
   127.4250    
   127.5750    
   127.7250    
   127.8750    
   128.0250    
   128.1750    
   128.3250    
   128.4750    
   128.6250    
   128.7750    
   128.9250    
   129.0750    
   129.2250    
   129.3750    
   129.5250    
   129.6750    
   129.8250    
   129.9750    
   130.1250    
   130.2750    
   130.4250    
   130.5750    
   130.7250    
   130.8750    
   131.0250    
   131.1750    
   131.3250    
   131.4750    
   131.6250    
   131.7750    
   131.9250    
   132.0750    
   132.2250    
   132.3750    
   132.5250    
   132.6750    
   132.8250    
   132.9750    
   133.1250    
   133.2750    
   133.4250    
   133.5750    
   133.7250    
   133.8750    
   134.0250    
   134.1750    
   134.3250    
   134.4750    
   134.6250    
   134.7750    
   134.9250    
   135.0750    
   135.2250    
   135.3750    
   135.5250    
   135.6750    
   135.8250    
   135.9750    
   136.1250    
   136.2750    
   136.4250    
   136.5750    
   136.7250    
   136.8750    
   137.0250    
   137.1750    
   137.3250    
   137.4750    
   137.6250    
   137.7750    
   137.9250    
   138.0750    
   138.2250    
   138.3750    
   138.5250    
   138.6750    
   138.8250    
   138.9750    
   139.1250    
   139.2750    
   139.4250    
   139.5750    
   139.7250    
   139.8750    
   140.0250    
   140.1750    
   140.3250    
   140.4750    
   140.6250    
   140.7750    
   140.9250    
   141.0750    
   141.2250    
   141.3750    
   141.5250    
   141.6750    
   141.8250    
   141.9750    
   142.1250    
   142.2750    
   142.4250    
   142.5750    
   142.7250    
   142.8750    
   143.0250    
   143.1750    
   143.3250    
   143.4750    
   143.6250    
   143.7750    
   143.9250    
   144.0750    
   144.2250    
   144.3750    
   144.5250    
   144.6750    
   144.8250    
   144.9750    
   145.1250    
   145.2750    
   145.4250    
   145.5750    
   145.7250    
   145.8750    
   146.0250    
   146.1750    
   146.3250    
   146.4750    
   146.6250    
   146.7750    
   146.9250    
   147.0750    
   147.2250    
   147.3750    
   147.5250    
   147.6750    
   147.8250    
   147.9750    
   148.1250    
   148.2750    
   148.4250    
   148.5750    
   148.7250    
   148.8750    
   149.0250    
   149.1750    
   149.3250    
   149.4750    
   149.6250    
   149.7750    
   149.9250    
   150.0750    
   150.2250    
   150.3750    
   150.5250    
   150.6750    
   150.8250    
   150.9750    
   151.1250    
   151.2750    
   151.4250    
   151.5750    
   151.7250    
   151.8750    
   152.0250    
   152.1750    
   152.3250    
   152.4750    
   152.6250    
   152.7750    
   152.9250    
   153.0750    
   153.2250    
   153.3750    
   153.5250    
   153.6750    
   153.8250    
   153.9750    
   154.1250    
   154.2750    
   154.4250    
   154.5750    
   154.7250    
   154.8750    
   155.0250    
   155.1750    
   155.3250    
   155.4750    
   155.6250    
   155.7750    
   155.9250    
   156.0750    
   156.2250    
   156.3750    
   156.5250    
   156.6750    
   156.8250    
   156.9750    
   157.1250    
   157.2750    
   157.4250    
   157.5750    
   157.7250    
   157.8750    
   158.0250    
   158.1750    
   158.3250    
   158.4750    
   158.6250    
   158.7750    
   158.9250    
   159.0750    
   159.2250    
   159.3750    
   159.5250    
   159.6750    
   159.8250    
   159.9750    
   160.1250    
   160.2750    
   160.4250    
   160.5750    
   160.7250    
   160.8750    
   161.0250    
   161.1750    
   161.3250    
   161.4750    
   161.6250    
   161.7750    
   161.9250    
   162.0750    
   162.2250    
   162.3750    
   162.5250    
   162.6750    
   162.8250    
   162.9750    
   163.1250    
   163.2750    
   163.4250    
   163.5750    
   163.7250    
   163.8750    
   164.0250    
   164.1750    
   164.3250    
   164.4750    
   164.6250    
   164.7750    
   164.9250    
   165.0750    
   165.2250    
   165.3750    
   165.5250    
   165.6750    
   165.8250    
   165.9750    
   166.1250    
   166.2750    
   166.4250    
   166.5750    
   166.7250    
   166.8750    
   167.0250    
   167.1750    
   167.3250    
   167.4750    
   167.6250    
   167.7750    
   167.9250    
   168.0750    
   168.2250    
   168.3750    
   168.5250    
   168.6750    
   168.8250    
   168.9750    
   169.1250    
   169.2750    
   169.4250    
   169.5750    
   169.7250    
   169.8750    
   170.0250    
   170.1750    
   170.3250    
   170.4750    
   170.6250    
   170.7750    
   170.9250    
   171.0750    
   171.2250    
   171.3750    
   171.5250    
   171.6750    
   171.8250    
   171.9750    
   172.1250    
   172.2750    
   172.4250    
   172.5750    
   172.7250    
   172.8750    
   173.0250    
   173.1750    
   173.3250    
   173.4750    
   173.6250    
   173.7750    
   173.9250    
   174.0750    
   174.2250    
   174.3750    
   174.5250    
   174.6750    
   174.8250    
   174.9750    
   175.1250    
   175.2750    
   175.4250    
   175.5750    
   175.7250    
   175.8750    
   176.0250    
   176.1750    
   176.3250    
   176.4750    
   176.6250    
   176.7750    
   176.9250    
   177.0750    
   177.2250    
   177.3750    
   177.5250    
   177.6750    
   177.8250    
   177.9750    
   178.1250    
   178.2750    
   178.4250    
   178.5750    
   178.7250    
   178.8750    
   179.0250    
   179.1750    
   179.3250    
   179.4750    
   179.6250    
   179.7750    
   179.9250    
   180.0750    
   180.2250    
   180.3750    
   180.5250    
   180.6750    
   180.8250    
   180.9750    
   181.1250    
   181.2750    
   181.4250    
   181.5750    
   181.7250    
   181.8750    
   182.0250    
   182.1750    
   182.3250    
   182.4750    
   182.6250    
   182.7750    
