1/1/2014 133 0.10692 0.034794377
1/2/2014 140 0.10673 0.036560575
1/3/2014 95.2 0.11073 0.025792932
1/4/2014 129 0.10668 0.033672176
1/5/2014 141 0.10641 0.036711322
1/6/2014 222 0.11233 0.061016488
1/7/2014 233 0.1136 0.06476386
1/8/2014 202 0.10991 0.054323413
1/9/2014 171 0.10719 0.044848596
1/10/2014 144 0.10603 0.037358525
1/11/2014 154 0.10621 0.040020693
1/12/2014 440 0.14858 0.159960039
1/13/2014 357 0.13277 0.115975604
1/14/2014 537 0.16866 0.221607704
1/15/2014 416 0.14372 0.146288104
1/16/2014 301 0.12309 0.09065416
1/17/2014 214 0.11082 0.058027036
1/18/2014 163 0.1064 0.042435342
1/19/2014 128 0.10596 0.033185655
1/20/2014 127 0.10601 0.032941929
1/21/2014 116 0.10672 0.03029021
1/22/2014 108 0.10761 0.028436416
1/23/2014 106 0.10792 0.027990218
1/24/2014 110 0.10743 0.02891457
1/25/2014 114 0.10704 0.029857224
1/26/2014 106 0.10805 0.028023934
1/27/2014 118 0.1068 0.030835552
1/28/2014 97.2 0.10972 0.026094593
1/29/2014 113 0.10739 0.029692089
1/30/2014 113 0.10748 0.029716973
1/31/2014 98.5 0.10971 0.026441185
2/1/2014 97.9 0.10993 0.026332821
2/2/2014 164 0.10725 0.043036765
2/3/2014 191 0.10937 0.051112845
2/4/2014 178 0.1084 0.047211495
2/5/2014 171 0.10803 0.045200054
2/6/2014 154 0.10729 0.040427644
2/7/2014 138 0.10717 0.036186851
2/8/2014 128 0.10752 0.033674232
2/9/2014 131 0.10758 0.034482703
2/10/2014 113 0.10887 0.030101292
2/11/2014 112 0.10914 0.0299089
2/12/2014 113 0.10921 0.030195298
2/13/2014 115 0.1092 0.030726914
2/14/2014 107 0.11032 0.028882614
2/15/2014 109 0.11025 0.029403807
2/16/2014 108 0.11059 0.029223894
2/17/2014 105 0.11124 0.028579113
2/18/2014 105 0.11146 0.028635634
2/19/2014 107 0.11139 0.029162749
2/20/2014 130 0.10977 0.034916081
2/21/2014 375 0.1413 0.129649815
2/22/2014 842 0.25216 0.519501444
2/23/2014 878 0.26273 0.564420337
2/24/2014 593 0.18948 0.274926461
2/25/2014 403 0.14814 0.146074988
2/26/2014 293 0.1281 0.091836478
2/27/2014 239 0.12008 0.070221007
2/28/2014 189 0.11442 0.05291298
3/1/2014 152 0.11224 0.041743582
3/2/2014 129 0.11251 0.035512341
3/3/2014 127 0.1129 0.035082952
3/4/2014 127 0.11321 0.035179283
3/5/2014 120 0.11394 0.033454607
3/6/2014 114 0.11479 0.032018972
3/7/2014 120 0.1146 0.033648394
3/8/2014 113 0.11558 0.031956529
3/9/2014 110 0.11629 0.031299221
3/10/2014 120 0.11565 0.03395669
3/11/2014 252 0.1262 0.077814112
3/12/2014 469 0.1689 0.19382106
3/13/2014 317 0.13807 0.107092007
3/14/2014 305 0.13632 0.101732072
3/15/2014 642 0.21261 0.333977483
3/16/2014 662 0.21854 0.353987071
3/17/2014 451 0.16763 0.184980845
3/18/2014 298 0.13689 0.099812851
3/19/2014 294 0.13665 0.098300435
3/20/2014 550 0.19281 0.259472129
3/21/2014 447 0.16906 0.184904236
3/22/2014 385 0.15604 0.146992489
3/23/2014 312 0.14192 0.108341955
3/24/2014 231 0.1287 0.07274263
3/25/2014 174 0.12251 0.052157799
3/26/2014 151 0.12162 0.044934552
3/27/2014 131 0.122 0.039104758
3/28/2014 186 0.12497 0.056874447
3/29/2014 295 0.14188 0.102409835
3/30/2014 285 0.14057 0.098024803
3/31/2014 385 0.16133 0.151975764
4/1/2014 426 0.17118 0.178427213
4/2/2014 417 0.16977 0.173218979
4/3/2014 321 0.14968 0.117562085
4/4/2014 279 0.1422 0.097073854
4/5/2014 467 0.18366 0.209860127
4/6/2014 357 0.15897 0.138861503
4/7/2014 268 0.14189 0.093043289
4/8/2014 1000 0.34475 0.8435343
4/9/2014 913 0.31665 0.707373428
4/10/2014 451 0.18337 0.202350042
4/11/2014 315 0.15324 0.118108504
4/12/2014 251 0.14175 0.087055309
4/13/2014 218 0.13707 0.073113467
4/14/2014 193 0.13434 0.063439701
4/15/2014 337 0.16038 0.132244793
4/16/2014 381 0.17091 0.159327566
4/17/2014 270 0.14806 0.097813766
4/18/2014 193 0.13652 0.064469167
4/19/2014 146 0.13349 0.047687006
4/20/2014 121 0.13466 0.039867817
4/21/2014 112 0.13618 0.037318985
4/22/2014 147 0.13514 0.048607101
4/23/2014 211 0.14169 0.073150976
4/24/2014 214 0.1427 0.074719889
4/25/2014 170 0.13807 0.057431045
4/26/2014 171 0.13871 0.058036652
4/27/2014 165 0.13879 0.056032576
4/28/2014 144 0.13838 0.048756698
4/29/2014 176 0.14084 0.060650887
4/30/2014 464 0.20218 0.229538027
5/1/2014 621 0.24827 0.377237029
5/2/2014 391 0.18473 0.176730969
5/3/2014 250 0.15402 0.094214034
5/4/2014 173 0.14337 0.060688005
5/5/2014 158 0.1428 0.05520568
5/6/2014 137 0.14281 0.047871569
5/7/2014 127 0.14368 0.04464764
5/8/2014 122 0.14458 0.043158518
5/9/2014 123 0.14506 0.043656735
5/10/2014 127 0.14534 0.045163475
5/11/2014 119 0.14652 0.042662111
5/12/2014 112 0.14795 0.040544455
5/13/2014 124 0.14719 0.044657917
5/14/2014 142 0.14721 0.051147467
5/15/2014 232 0.15787 0.089616105
5/16/2014 401 0.19748 0.19376082
5/17/2014 415 0.20198 0.205094936
5/18/2014 298 0.17317 0.126266282
5/19/2014 176 0.15196 0.065439568
5/20/2014 145 0.15047 0.053384649
5/21/2014 139 0.15095 0.05133888
5/22/2014 135 0.15151 0.05004648
5/23/2014 128 0.15228 0.047692634
5/24/2014 123 0.15314 0.046088463
5/25/2014 118 0.15414 0.044503671
5/26/2014 115 0.15502 0.043619838
5/27/2014 109 0.15648 0.041733404
5/28/2014 103 0.15825 0.039882228
5/29/2014 116 0.15639 0.044387986
5/30/2014 122 0.15623 0.046636155
5/31/2014 99.7 0.16061 0.039180161
6/1/2014 98.7 0.16138 0.038973134
6/2/2014 98.6 0.1619 0.0390591
6/3/2014 136 0.1574 0.05237718
6/4/2014 134 0.1579 0.051770862
6/5/2014 131 0.15845 0.050788105
6/6/2014 141 0.15872 0.05475821
6/7/2014 135 0.15921 0.052589929
6/8/2014 135 0.15964 0.052731966
6/9/2014 153 0.16034 0.060024947
6/10/2014 139 0.16043 0.054563077
6/11/2014 136 0.16087 0.053531873
6/12/2014 137 0.16125 0.054052871
6/13/2014 144 0.16166 0.056959155
6/14/2014 135 0.16206 0.053531335
6/15/2014 132 0.16252 0.05249032
6/16/2014 131 0.16293 0.052224083
6/17/2014 127 0.1635 0.050806579
6/18/2014 284 0.18599 0.129242814
6/19/2014 203 0.16974 0.084309926
6/20/2014 152 0.16441 0.061146315
6/21/2014 138 0.16445 0.055527924
6/22/2014 132 0.1649 0.053259006
6/23/2014 129 0.16534 0.052187455
6/24/2014 130 0.16558 0.052668349
6/25/2014 194 0.17024 0.080809387
6/26/2014 187 0.16953 0.077568723
6/27/2014 169 0.16769 0.069341358
6/28/2014 136 0.16646 0.055392029
6/29/2014 128 0.16701 0.052305929
6/30/2014 126 0.16737 0.051599635
7/1/2014 120 0.16814 0.049368594
7/2/2014 127 0.16773 0.052121024
7/3/2014 123 0.16825 0.050635914
7/4/2014 124 0.16835 0.051077929
7/5/2014 121 0.16881 0.049978361
7/6/2014 121 0.16898 0.050028692
7/7/2014 153 0.16854 0.063094702
7/8/2014 155 0.16879 0.064014283
7/9/2014 149 0.16864 0.061481624
7/10/2014 134 0.16868 0.055305314
7/11/2014 126 0.1692 0.052163819
7/12/2014 124 0.16945 0.051411672
7/13/2014 126 0.16938 0.052219312
7/14/2014 124 0.16961 0.051460217
7/15/2014 129 0.16932 0.053443691
7/16/2014 125 0.16964 0.051884394
7/17/2014 123 0.16986 0.051120454
7/18/2014 119 0.17031 0.049589026
7/19/2014 122 0.16999 0.050743647
7/20/2014 142 0.16916 0.058773898
7/21/2014 130 0.16939 0.053880249
7/22/2014 123 0.16987 0.051123464
7/23/2014 103 0.17328 0.043670095
7/24/2014 96.9 0.17509 0.04151295
7/25/2014 96.1 0.17531 0.041221952
7/26/2014 71.4 0.18984 0.033165337
7/27/2014 81.6 0.18204 0.036345903
7/28/2014 138 0.16876 0.056983232
7/29/2014 159 0.16933 0.065876346
7/30/2014 136 0.16858 0.05609749
7/31/2014 208 0.17529 0.089211111
8/1/2014 155 0.1687 0.06398015
8/2/2014 135 0.16819 0.055556184
8/3/2014 112 0.17017 0.046633659
8/4/2014 104 0.17171 0.043694563
8/5/2014 103 0.17178 0.043292064
8/6/2014 98.6 0.17286 0.041703249
8/7/2014 95.5 0.1737 0.040588375
8/8/2014 92.8 0.1745 0.0396225
8/9/2014 92.8 0.17426 0.039568005
8/10/2014 90.3 0.17506 0.038678814
8/11/2014 90.7 0.17464 0.03875694
8/12/2014 103 0.17017 0.042886311
8/13/2014 84.3 0.1772 0.036550201
8/14/2014 98.1 0.17104 0.041054916
8/15/2014 88.4 0.17453 0.037750336
8/16/2014 88.3 0.17426 0.037649298
8/17/2014 87.7 0.17422 0.037384887
8/18/2014 88.2 0.17365 0.037475018
8/19/2014 88.4 0.17322 0.037466987
8/20/2014 88.2 0.17296 0.03732611
8/21/2014 88.7 0.17237 0.037409661
8/22/2014 87.4 0.1726 0.036910565
8/23/2014 94.2 0.16936 0.039035543
8/24/2014 123 0.16293 0.049034826
8/25/2014 128 0.16217 0.050790087
8/26/2014 121 0.16235 0.048065796
8/27/2014 91.3 0.16889 0.037728817
8/28/2014 88 0.1699 0.036582596
8/29/2014 88.1 0.16942 0.036520697
8/30/2014 88.1 0.16898 0.036425849
8/31/2014 88.6 0.1683 0.036485165
9/1/2014 77 0.17437 0.032851936
9/2/2014 102 0.16273 0.040613112
9/3/2014 104 0.16177 0.041165159
9/4/2014 91.6 0.16518 0.037021278
9/5/2014 90.2 0.16527 0.036475314
9/6/2014 118 0.15792 0.045595041
9/7/2014 96.3 0.16204 0.038180973
9/8/2014 90.2 0.16379 0.036148676
9/9/2014 89.1 0.16374 0.035696938
9/10/2014 92.1 0.16201 0.036508999
9/11/2014 89.2 0.16266 0.035501287
9/12/2014 84.7 0.16421 0.034031531
9/13/2014 87.9 0.16217 0.034878505
9/14/2014 89.7 0.16087 0.035307419
9/15/2014 86.7 0.16163 0.034287794
9/16/2014 87.7 0.16064 0.034470832
9/17/2014 80.1 0.16397 0.032136264
9/18/2014 69.4 0.17116 0.029064324
9/19/2014 78.2 0.16399 0.031377807
9/20/2014 85.2 0.15956 0.033263052
9/21/2014 87.5 0.15794 0.033814164
9/22/2014 85.4 0.15833 0.033084117
9/23/2014 83.5 0.15868 0.032419562
9/24/2014 83 0.15835 0.032158415
9/25/2014 82.4 0.15808 0.031871508
9/26/2014 82 0.15771 0.031642556
9/27/2014 81.9 0.15717 0.031495755
9/28/2014 80.8 0.15717 0.031072735
9/29/2014 80.3 0.15685 0.030817581
9/30/2014 79.1 0.15694 0.030374463
10/1/2014 79.2 0.15628 0.030284964
10/2/2014 83.3 0.15349 0.031284092
10/3/2014 82.4 0.15335 0.030917863
10/4/2014 90.8 0.14911 0.033127685
10/5/2014 85.4 0.15072 0.031493957
10/6/2014 84.5 0.15054 0.031124837
10/7/2014 92.5 0.14676 0.033216044
10/8/2014 89.4 0.1473 0.032220979
10/9/2014 82.1 0.14991 0.030114263
10/10/2014 82 0.14936 0.029967232
10/11/2014 80.2 0.14969 0.029374172
10/12/2014 79.5 0.14947 0.029074994
10/13/2014 78.8 0.14926 0.028778498
10/14/2014 80.9 0.14753 0.029202991
10/15/2014 79.2 0.14784 0.028649405
10/16/2014 78.9 0.14741 0.028457872
10/17/2014 78.8 0.14687 0.028317687
10/18/2014 84.2 0.1436 0.029584552
10/19/2014 73.2 0.14909 0.026702878
10/20/2014 67.7 0.15263 0.025282909
10/21/2014 91.9 0.13893 0.031239928
10/22/2014 81.4 0.14259 0.028399582
10/23/2014 74.9 0.14561 0.026685263
10/24/2014 81.9 0.14121 0.028297484
10/25/2014 81.3 0.14092 0.028032488
10/26/2014 79.1 0.14147 0.02738037
10/27/2014 79.8 0.14054 0.027441087
10/28/2014 80.1 0.13982 0.027403137
10/29/2014 83.9 0.1375 0.028226897
10/30/2014 80.6 0.13846 0.027305985
10/31/2014 85.1 0.13591 0.028299544
11/1/2014 90.8 0.13329 0.029612965
11/2/2014 76.4 0.13902 0.025987776
11/3/2014 78.5 0.13734 0.026379416
11/4/2014 84.2 0.13416 0.027639718
11/5/2014 75.5 0.13792 0.025478431
11/6/2014 81.7 0.1342 0.026827058
11/7/2014 90.8 0.13021 0.028928683
11/8/2014 98.8 0.12752 0.030827174
11/9/2014 79.9 0.13351 0.026101114
11/10/2014 80.7 0.13263 0.02618869
11/11/2014 80.1 0.13241 0.025950861
11/12/2014 77 0.13347 0.025146228
11/13/2014 79.3 0.13181 0.025575258
11/14/2014 74.8 0.1337 0.02446986
11/15/2014 72.5 0.13459 0.023875324
11/16/2014 81.8 0.12924 0.025867159
11/17/2014 85.8 0.12717 0.02669749
11/18/2014 83.8 0.12749 0.026140784
11/19/2014 71.1 0.13357 0.023236836
11/20/2014 65.5 0.13717 0.021983605
11/21/2014 66.1 0.13622 0.022031335
11/22/2014 86.4 0.12476 0.026374703
11/23/2014 104 0.1198 0.030485171
11/24/2014 117 0.11769 0.033691775
11/25/2014 184 0.11857 0.053381542
11/26/2014 205 0.12035 0.060366838
11/27/2014 250 0.12601 0.077080317
11/28/2014 255 0.12637 0.07884654
11/29/2014 219 0.12092 0.064794885
11/30/2014 188 0.11709 0.053861213
12/1/2014 156 0.11451 0.043708559
12/2/2014 125 0.11421 0.034931129
12/3/2014 116 0.11455 0.032512589
12/4/2014 106 0.11546 0.029945798
12/5/2014 103 0.11563 0.029141119
12/6/2014 99.5 0.11598 0.028236096
12/7/2014 98.2 0.11594 0.027857572
12/8/2014 95.9 0.11614 0.027252033
12/9/2014 98.5 0.11526 0.02777879
12/10/2014 106 0.11361 0.02946598
12/11/2014 102 0.11399 0.028448895
12/12/2014 110 0.11249 0.030276459
12/13/2014 103 0.11326 0.028543831
12/14/2014 112 0.11172 0.030615928
12/15/2014 123 0.11052 0.033261701
12/16/2014 153 0.11002 0.041187131
12/17/2014 210 0.11431 0.058735679
12/18/2014 214 0.11453 0.059969649
12/19/2014 167 0.10999 0.04494363
12/20/2014 136 0.10892 0.036244742
12/21/2014 131 0.10881 0.034876956
12/22/2014 122 0.10901 0.032540531
12/23/2014 117 0.10918 0.03125557
12/24/2014 116 0.10908 0.030960046
12/25/2014 117 0.10881 0.031149648
12/26/2014 120 0.1084 0.031827974
12/27/2014 119 0.10831 0.031536536
12/28/2014 121 0.108 0.031974782
12/29/2014 115 0.10833 0.030482112
12/30/2014 121 0.1077 0.031885964
12/31/2014 108 0.10884 0.028761449
