1/1/2014 7150 0.23124 4.045455929
1/2/2014 6890 0.21623 3.645303076
1/3/2014 6250 0.18355 2.806938375
1/4/2014 3610 0.08509 0.751595545
1/5/2014 3230 0.07455 0.589180876
1/6/2014 3020 0.069 0.509864184
1/7/2014 2900 0.06585 0.467253162
1/8/2014 4600 0.11388 1.281751286
1/9/2014 3800 0.08848 0.822672883
1/10/2014 2900 0.06498 0.461079886
1/11/2014 4100 0.0965 0.96807642
1/12/2014 7400 0.23327 4.223661266
1/13/2014 7600 0.24328 4.52395703
1/14/2014 7300 0.22605 4.037623722
1/15/2014 7540 0.23806 4.391938468
1/16/2014 7420 0.23067 4.187872902
1/17/2014 6770 0.19686 3.260953615
1/18/2014 5820 0.15402 2.193302712
1/19/2014 4130 0.09442 0.954140915
1/20/2014 2810 0.06053 0.416174499
1/21/2014 1730 0.04051 0.171477372
1/22/2014 1260 0.03422 0.105499165
1/23/2014 1340 0.03502 0.114820494
1/24/2014 1230 0.03368 0.101362116
1/25/2014 1100 0.03231 0.086961719
1/26/2014 1260 0.03379 0.104173489
1/27/2014 1300 0.03414 0.108593878
1/28/2014 1330 0.03438 0.111880909
1/29/2014 1140 0.0323 0.09009607
1/30/2014 1100 0.03186 0.085750553
1/31/2014 1150 0.03223 0.090689419
2/1/2014 1140 0.03206 0.089426625
2/2/2014 1080 0.03145 0.083108009
2/3/2014 1080 0.03138 0.082923031
2/4/2014 1280 0.03325 0.104135808
2/5/2014 1300 0.0334 0.106240056
2/6/2014 1210 0.0324 0.095924347
2/7/2014 894 0.02987 0.065338809
2/8/2014 932 0.03003 0.068480941
2/9/2014 1160 0.03175 0.090115644
2/10/2014 981 0.03024 0.072585399
2/11/2014 932 0.02989 0.068161682
2/12/2014 858 0.02948 0.061888968
2/13/2014 982 0.03013 0.072395086
2/14/2014 818 0.02927 0.05858339
2/15/2014 1030 0.03041 0.076639404
2/16/2014 938 0.02977 0.068325079
2/17/2014 976 0.02998 0.071594542
2/18/2014 848 0.02928 0.060752674
2/19/2014 941 0.02973 0.068451506
2/20/2014 995 0.03006 0.073183054
2/21/2014 1780 0.03893 0.169551985
2/22/2014 2900 0.05876 0.416944507
2/23/2014 4100 0.08765 0.879294282
2/24/2014 4700 0.10518 1.209565793
2/25/2014 3900 0.08228 0.785158546
2/26/2014 3000 0.06088 0.446883552
2/27/2014 2730 0.05533 0.369591342
2/28/2014 2010 0.04246 0.208821167
3/1/2014 1710 0.03799 0.158951224
3/2/2014 1690 0.03773 0.156017021
3/3/2014 1520 0.0355 0.132029328
3/4/2014 1320 0.03315 0.107067074
3/5/2014 1330 0.03329 0.108333783
3/6/2014 1130 0.03131 0.086568518
3/7/2014 1200 0.032 0.09395712
3/8/2014 1230 0.03234 0.0973293
3/9/2014 980 0.03024 0.072511407
3/10/2014 1120 0.03139 0.086021658
3/11/2014 1300 0.03323 0.105699313
3/12/2014 2900 0.05962 0.423046826
3/13/2014 4900 0.11335 1.358989422
3/14/2014 5300 0.12721 1.649664368
3/15/2014 6800 0.18836 3.133978886
3/16/2014 8830 0.2985 6.449165334
3/17/2014 7280 0.2122 3.779855789
3/18/2014 7460 0.22181 4.048726322
3/19/2014 6960 0.19759 3.364903956
3/20/2014 7950 0.24915 4.846480749
3/21/2014 8330 0.27158 5.535301194
3/22/2014 7750 0.23947 4.540997769
3/23/2014 6800 0.19211 3.196372286
3/24/2014 5950 0.1554 2.262384684
3/25/2014 4880 0.11606 1.385800967
3/26/2014 3860 0.0853 0.805628474
3/27/2014 3000 0.06411 0.470593044
3/28/2014 2800 0.05993 0.410582827
3/29/2014 3870 0.08642 0.818321005
3/30/2014 6000 0.16052 2.356562016
3/31/2014 6730 0.19377 3.190803614
4/1/2014 8310 0.28 5.69321424
4/2/2014 9840 0.38532 9.277161604
4/3/2014 10430 0.4337 11.06807778
4/4/2014 8750 0.31116 6.66178002
4/5/2014 9780 0.38526 9.219157763
4/6/2014 9730 0.38303 9.118934633
4/7/2014 9080 0.33737 7.495330397
4/8/2014 10000 0.40719 9.96312492
4/9/2014 9850 0.39715 9.571704207
4/10/2014 8980 0.33474 7.354995651
4/11/2014 8950 0.33413 7.317066092
4/12/2014 8650 0.31515 6.670093023
4/13/2014 8230 0.28922 5.824070572
4/14/2014 7830 0.2659 5.09423026
4/15/2014 7390 0.24156 4.367852169
4/16/2014 8070 0.2832 5.591975443
4/17/2014 8470 0.3105 6.434924958
4/18/2014 8110 0.28852 5.725260469
4/19/2014 7780 0.26937 5.127755334
4/20/2014 7700 0.26587 5.009086513
4/21/2014 7280 0.24253 4.320115101
4/22/2014 6470 0.20029 3.170750131
4/23/2014 4710 0.12486 1.43894008
4/24/2014 5580 0.1605 2.191329612
4/25/2014 5290 0.149 1.928592228
4/26/2014 4070 0.10443 1.039963649
4/27/2014 2340 0.05801 0.332136951
4/28/2014 1940 0.05026 0.238573766
4/29/2014 2420 0.06042 0.357762288
4/30/2014 2680 0.06679 0.437970349
5/1/2014 6307 0.20182 3.114479701
5/2/2014 7760 0.28755 5.459760158
5/3/2014 6950 0.23937 4.070549086
5/4/2014 5950 0.18725 2.726071635
5/5/2014 4930 0.1423 1.716525625
5/6/2014 3970 0.10706 1.039959
5/7/2014 3340 0.0876 0.715894531
5/8/2014 2810 0.07329 0.503905981
5/9/2014 2630 0.06911 0.444728655
5/10/2014 2690 0.07105 0.467643427
5/11/2014 2690 0.07147 0.470407821
5/12/2014 2500 0.06711 0.41051187
5/13/2014 2410 0.06533 0.38523716
5/14/2014 3080 0.08356 0.629720193
5/15/2014 7500 0.2926 5.3695026
5/16/2014 9630 0.46421 10.93803354
5/17/2014 12900 0.8427 26.59874684
5/18/2014 10100 0.51521 12.73221986
5/19/2014 8610 0.38341 8.077278533
5/20/2014 7780 0.32161 6.122201407
5/21/2014 7430 0.29868 5.429919964
5/22/2014 6980 0.27023 4.615167373
5/23/2014 6860 0.26414 4.433602579
5/24/2014 7110 0.28222 4.909710221
5/25/2014 6270 0.23092 3.542644401
5/26/2014 6260 0.23176 3.549860504
5/27/2014 6850 0.27008 4.526697446
5/28/2014 6170 0.22929 3.461535183
5/29/2014 6030 0.2225 3.28281039
5/30/2014 5540 0.19651 2.663746501
5/31/2014 4150 0.13196 1.339950871
6/1/2014 2270 0.06976 0.387463503
6/2/2014 1840 0.0598 0.269226298
6/3/2014 1810 0.0595 0.263508126
6/4/2014 1570 0.05483 0.210628129
6/5/2014 1540 0.05458 0.20566137
6/6/2014 1560 0.05531 0.211118712
6/7/2014 1490 0.05427 0.197853876
6/8/2014 1260 0.05052 0.155751543
6/9/2014 1340 0.05217 0.171050405
6/10/2014 2850 0.09097 0.634368379
6/11/2014 3250 0.10518 0.836401878
6/12/2014 1980 0.06694 0.324301808
6/13/2014 1750 0.06182 0.264707058
6/14/2014 1630 0.05951 0.237342781
6/15/2014 1680 0.06096 0.250583639
6/16/2014 1600 0.05956 0.233170253
6/17/2014 1300 0.05398 0.171701743
6/18/2014 1740 0.06341 0.269963763
6/19/2014 1640 0.06148 0.246703993
6/20/2014 1520 0.05921 0.220210043
6/21/2014 1380 0.05671 0.191486079
6/22/2014 1270 0.05499 0.170877906
6/23/2014 1050 0.05187 0.133261292
6/24/2014 1100 0.05285 0.142244718
6/25/2014 1310 0.05663 0.181516592
6/26/2014 2060 0.07464 0.376216053
6/27/2014 4110 0.15243 1.532889126
6/28/2014 4250 0.16002 1.664031978
6/29/2014 3550 0.12863 1.117298188
6/30/2014 2260 0.08209 0.453938655
7/1/2014 1520 0.06279 0.233524549
7/2/2014 1370 0.05991 0.20082527
7/3/2014 1220 0.05734 0.171165405
7/4/2014 1260 0.05835 0.179891183
7/5/2014 1110 0.05607 0.152283204
7/6/2014 1190 0.05765 0.167859044
7/7/2014 1557 0.06548 0.249457034
7/8/2014 1160 0.05767 0.163684069
7/9/2014 2230 0.08475 0.462426849
7/10/2014 1760 0.07149 0.307862248
7/11/2014 1580 0.06723 0.259907415
7/12/2014 1190 0.05922 0.1724304
7/13/2014 1140 0.05861 0.163483921
7/14/2014 1140 0.05885 0.164153365
7/15/2014 2090 0.08253 0.422042904
7/16/2014 2990 0.11486 0.84030795
7/17/2014 3780 0.15041 1.391127651
7/18/2014 1890 0.07751 0.358441275
7/19/2014 1330 0.06365 0.207132631
7/20/2014 1320 0.06367 0.205639838
7/21/2014 1340 0.06432 0.210886756
7/22/2014 1220 0.06211 0.185404313
7/23/2014 1040 0.05925 0.150771816
7/24/2014 730 0.05685 0.101543423
7/25/2014 799 0.05718 0.111786511
7/26/2014 879 0.0579 0.124527684
7/27/2014 1080 0.06062 0.160191017
7/28/2014 5397 0.25267 3.336603264
7/29/2014 10420 0.79076 20.16094494
7/30/2014 7040 0.38713 6.668496975
7/31/2014 4570 0.20102 2.247780714
8/1/2014 4250 0.1829 1.90195881
8/2/2014 2680 0.10858 0.712005098
8/3/2014 2980 0.12106 0.882704632
8/4/2014 3640 0.15174 1.351449852
8/5/2014 6590 0.3519 5.674180583
8/6/2014 4370 0.19185 2.051359195
8/7/2014 6140 0.31531 4.737013119
8/8/2014 3630 0.15244 1.353954397
8/9/2014 2260 0.09447 0.522397183
8/10/2014 1830 0.08066 0.361166765
8/11/2014 1490 0.07139 0.260268807
8/12/2014 1580 0.07382 0.285383986
8/13/2014 3930 0.16922 1.627206659
8/14/2014 6200 0.32359 4.908912074
8/15/2014 4470 0.20045 2.192360938
8/16/2014 2020 0.08722 0.43108799
8/17/2014 1670 0.07669 0.313367304
8/18/2014 1440 0.07071 0.249139048
8/19/2014 1280 0.06706 0.210025482
8/20/2014 1150 0.06449 0.181463252
8/21/2014 1190 0.06528 0.190075254
8/22/2014 1190 0.06531 0.190162605
8/23/2014 1080 0.06332 0.167325886
8/24/2014 960 0.06156 0.144600008
8/25/2014 925 0.06114 0.138377551
8/26/2014 813 0.06018 0.119712969
8/27/2014 970 0.06168 0.146391065
8/28/2014 917 0.06103 0.136933963
8/29/2014 746 0.05991 0.10935449
8/30/2014 819 0.06014 0.120516302
8/31/2014 836 0.06021 0.123161048
9/1/2014 651 0.06011 0.095747223
9/2/2014 839 0.06014 0.123459313
9/3/2014 1050 0.06255 0.160699707
9/4/2014 849 0.0601 0.124847725
9/5/2014 1140 0.06397 0.178434847
9/6/2014 994 0.06154 0.149672616
9/7/2014 779 0.05948 0.113372282
9/8/2014 698 0.05938 0.101413107
9/9/2014 745 0.05924 0.107986582
9/10/2014 740 0.05913 0.10706267
9/11/2014 753 0.05905 0.108796106
9/12/2014 680 0.05905 0.098248807
9/13/2014 737 0.05881 0.106051579
9/14/2014 712 0.0587 0.102262538
9/15/2014 654 0.05884 0.094156192
9/16/2014 719 0.05843 0.102792931
9/17/2014 579 0.05949 0.084279316
9/18/2014 712 0.05816 0.101321792
9/19/2014 690 0.05808 0.098055999
9/20/2014 835 0.0582 0.11890714
9/21/2014 797 0.05783 0.11277426
9/22/2014 764 0.05756 0.107600085
9/23/2014 589 0.05837 0.084120813
9/24/2014 642 0.05755 0.090402164
9/25/2014 655 0.05727 0.091783995
9/26/2014 726 0.05682 0.10093373
9/27/2014 742 0.05663 0.102813215
9/28/2014 675 0.05658 0.093446962
9/29/2014 684 0.05634 0.094291255
9/30/2014 603 0.05683 0.083848141
10/1/2014 550 0.05754 0.07743388
10/2/2014 516 0.05818 0.073455089
10/3/2014 743 0.05541 0.100733851
10/4/2014 635 0.05561 0.086402258
10/5/2014 624 0.0555 0.084737578
10/6/2014 820 0.05501 0.110370744
10/7/2014 823 0.05479 0.110331522
10/8/2014 654 0.05455 0.087291303
10/9/2014 678 0.05418 0.089880849
10/10/2014 732 0.05382 0.09639472
10/11/2014 732 0.05358 0.095964866
10/12/2014 693 0.0534 0.09054677
10/13/2014 749 0.0531 0.097313885
10/14/2014 743 0.05285 0.096079841
10/15/2014 824 0.05286 0.106574387
10/16/2014 738 0.05234 0.094512348
10/17/2014 826 0.05236 0.105822534
10/18/2014 980 0.05346 0.128189809
10/19/2014 940 0.05276 0.121347578
10/20/2014 940 0.05249 0.12072658
10/21/2014 1130 0.05469 0.151211506
10/22/2014 1190 0.05537 0.161220386
10/23/2014 1280 0.05665 0.177422362
10/24/2014 1310 0.0569 0.182382025
10/25/2014 1290 0.05623 0.177482798
10/26/2014 1380 0.05762 0.19455877
10/27/2014 1280 0.05544 0.173632758
10/28/2014 1000 0.05094 0.124639992
10/29/2014 872 0.04943 0.105464323
10/30/2014 1140 0.05224 0.145715748
10/31/2014 1380 0.05604 0.189223767
11/1/2014 1340 0.05498 0.180263586
11/2/2014 1220 0.05259 0.156986199
11/3/2014 1130 0.05091 0.140760244
11/4/2014 1240 0.05231 0.158710214
11/5/2014 1370 0.05426 0.181885814
11/6/2014 823 0.0469 0.094443299
11/7/2014 1927 0.06557 0.309161475
11/8/2014 1830 0.06289 0.281599031
11/9/2014 2290 0.07418 0.415643299
11/10/2014 1430 0.05376 0.188102154
11/11/2014 1430 0.05344 0.186982499
11/12/2014 1360 0.05186 0.172571825
11/13/2014 1140 0.04809 0.134139938
11/14/2014 981 0.04589 0.110150263
11/15/2014 961 0.04542 0.106799443
11/16/2014 963 0.04516 0.106409081
11/17/2014 900 0.04434 0.097642001
11/18/2014 92.5 0.1947 0.044066256
11/19/2014 159 0.09864 0.038375024
11/20/2014 780 0.0429 0.081874822
11/21/2014 470 0.04568 0.052531817
11/22/2014 552 0.04353 0.058793081
11/23/2014 591 0.04273 0.061790093
11/24/2014 1510 0.05073 0.187430508
11/25/2014 3410 0.09998 0.834191928
11/26/2014 3320 0.09639 0.783012213
11/27/2014 2320 0.06716 0.381238844
11/28/2014 1470 0.04879 0.175487677
11/29/2014 1080 0.04283 0.11318016
11/30/2014 966 0.04141 0.09787704
12/1/2014 1000 0.04147 0.101468796
12/2/2014 1148 0.04283 0.120306318
12/3/2014 1170 0.04286 0.122697722
12/4/2014 976 0.04049 0.09669323
12/5/2014 936 0.03991 0.091402074
12/6/2014 967 0.03992 0.09445294
12/7/2014 2080 0.05777 0.294011403
12/8/2014 4170 0.118 1.203972408
12/9/2014 3160 0.08428 0.651643521
12/10/2014 2160 0.05845 0.308913394
12/11/2014 1630 0.04772 0.190320912
12/12/2014 1500 0.04527 0.166149954
12/13/2014 1480 0.04469 0.161834288
12/14/2014 1500 0.04474 0.164204748
12/15/2014 1770 0.04907 0.212514123
12/16/2014 2370 0.06099 0.353675887
12/17/2014 4200 0.11296 1.160840218
12/18/2014 5840 0.17952 2.56521729
12/19/2014 5580 0.16651 2.273385007
12/20/2014 4590 0.12502 1.404076116
12/21/2014 3070 0.07621 0.572464828
12/22/2014 2450 0.06071 0.363935809
12/23/2014 2220 0.05546 0.301252952
12/24/2014 2010 0.05101 0.250870649
12/25/2014 2620 0.06355 0.407394647
12/26/2014 3380 0.08246 0.681959373
12/27/2014 3190 0.07689 0.600148902
12/28/2014 2610 0.06232 0.397984743
12/29/2014 2490 0.05935 0.361591774
12/30/2014 2780 0.06558 0.44608198
12/31/2014 2220 0.05318 0.288868229
