1/1/2014 109 0.06025 0.016068747
1/2/2014 102 0.05742 0.014330516
1/3/2014 124 0.0648 0.019660527
1/4/2014 112 0.06026 0.016513747
1/5/2014 109 0.05889 0.015706034
1/6/2014 168 0.07895 0.032453376
1/7/2014 160 0.07579 0.029670876
1/8/2014 150 0.07199 0.02642177
1/9/2014 140 0.06824 0.023375748
1/10/2014 120 0.06117 0.017960491
1/11/2014 265 0.11049 0.071641937
1/12/2014 404 0.16002 0.158180922
1/13/2014 223 0.09508 0.051879109
1/14/2014 211 0.09063 0.046789985
1/15/2014 191 0.08356 0.03905083
1/16/2014 160 0.07294 0.028555135
1/17/2014 137 0.06511 0.021825627
1/18/2014 127 0.06162 0.019148021
1/19/2014 114 0.05718 0.015949515
1/20/2014 113 0.0567 0.015676892
1/21/2014 94 0.05037 0.01158506
1/22/2014 95 0.05057 0.011754794
1/23/2014 90 0.04883 0.010752952
1/24/2014 80 0.04548 0.008902437
1/25/2014 84 0.04669 0.009596252
1/26/2014 82 0.04596 0.009221304
1/27/2014 84 0.04653 0.009563367
1/28/2014 70 0.04194 0.007183315
1/29/2014 70 0.04189 0.007174752
1/30/2014 70 0.04185 0.007167901
1/31/2014 70 0.04182 0.007162762
2/1/2014 70 0.04179 0.007157624
2/2/2014 98 0.05076 0.012171558
2/3/2014 90 0.04819 0.010612016
2/4/2014 82.1 0.04565 0.009170276
2/5/2014 78 0.04434 0.008462307
2/6/2014 74 0.04307 0.007798392
2/7/2014 70 0.04179 0.007157624
2/8/2014 68 0.04117 0.006849963
2/9/2014 72 0.0425 0.007487208
2/10/2014 72 0.04255 0.007496016
2/11/2014 70 0.04195 0.007185028
2/12/2014 66 0.04071 0.006574209
2/13/2014 68 0.04143 0.006893223
2/14/2014 70 0.04215 0.007219283
2/15/2014 70 0.04224 0.007234698
2/16/2014 70 0.04233 0.007250113
2/17/2014 64 0.04045 0.006334276
2/18/2014 72 0.04319 0.007608765
2/19/2014 78.5 0.04545 0.008729754
2/20/2014 120 0.05918 0.017376195
2/21/2014 561 0.21555 0.295875742
2/22/2014 532 0.20505 0.266913093
2/23/2014 445 0.1728 0.188149133
2/24/2014 322 0.12873 0.101422454
2/25/2014 206 0.089 0.044859631
2/26/2014 140 0.06711 0.022988665
2/27/2014 110 0.05733 0.015430255
2/28/2014 110 0.05758 0.015497542
3/1/2014 110 0.05784 0.01556752
3/2/2014 97.2 0.05375 0.012783307
3/3/2014 85.9 0.05014 0.010538431
3/4/2014 74.7 0.04653 0.008504565
3/5/2014 79.9 0.04857 0.009495402
3/6/2014 72.4 0.04621 0.008186024
3/7/2014 75.6 0.04759 0.008803107
3/8/2014 82.5 0.05029 0.01015159
3/9/2014 78.3 0.0491 0.009406796
3/10/2014 79.9 0.04996 0.009767146
3/11/2014 144 0.07318 0.025784183
3/12/2014 250 0.11235 0.068724495
3/13/2014 160 0.07991 0.031283806
3/14/2014 200 0.09515 0.046562604
3/15/2014 463 0.19919 0.225656057
3/16/2014 429 0.18643 0.19569132
3/17/2014 245 0.11426 0.068494985
3/18/2014 184 0.09175 0.041306878
3/19/2014 255 0.11983 0.074766011
3/20/2014 500 0.22249 0.272194266
3/21/2014 334 0.15352 0.125461334
3/22/2014 244 0.11818 0.070555729
3/23/2014 203 0.10277 0.0510459
3/24/2014 159 0.08617 0.03352368
3/25/2014 140 0.07935 0.027181501
3/26/2014 133 0.07721 0.025126018
3/27/2014 115 0.07064 0.019876824
3/28/2014 150 0.08541 0.031347178
3/29/2014 203 0.108 0.053643643
3/30/2014 251 0.12924 0.079372332
3/31/2014 271 0.13902 0.092181771
4/1/2014 408 0.20205 0.201705384
4/2/2014 674 0.33578 0.553749304
4/3/2014 585 0.29269 0.418950027
4/4/2014 504 0.25442 0.313747487
4/5/2014 652 0.3334 0.531877554
4/6/2014 377 0.19658 0.181333963
4/7/2014 339 0.18021 0.149477924
4/8/2014 892 0.48082 1.049411575
4/9/2014 623 0.3304 0.503647355
4/10/2014 336 0.18404 0.151303848
4/11/2014 277 0.15703 0.106429218
4/12/2014 229 0.13544 0.075889362
4/13/2014 196 0.12096 0.058009126
4/14/2014 182 0.11545 0.051411917
4/15/2014 294 0.17203 0.123751363
4/16/2014 280 0.16666 0.114179433
4/17/2014 199 0.12747 0.062066826
4/18/2014 165 0.11179 0.045132082
4/19/2014 147 0.10393 0.037381501
4/20/2014 134 0.09844 0.032275641
4/21/2014 126 0.0954 0.029411515
4/22/2014 137 0.10208 0.0342184
4/23/2014 196 0.13414 0.064329895
4/24/2014 181 0.12757 0.056497028
4/25/2014 147 0.11072 0.039823725
4/26/2014 143 0.10976 0.03840419
4/27/2014 135 0.10658 0.035205292
4/28/2014 122 0.10059 0.030027081
4/29/2014 147 0.11558 0.041571768
4/30/2014 351 0.23572 0.202442653
5/1/2014 743 0.49991 0.908822582
5/2/2014 429 0.29012 0.304532349
5/3/2014 253 0.1833 0.113470105
5/4/2014 221 0.16596 0.089741675
5/5/2014 185 0.14605 0.066110701
5/6/2014 170 0.13856 0.057634863
5/7/2014 165 0.13703 0.055322026
5/8/2014 149 0.12868 0.046913279
5/9/2014 142 0.12574 0.04368781
5/10/2014 188 0.15611 0.07181035
5/11/2014 142 0.1285 0.04464676
5/12/2014 125 0.11902 0.036402267
5/13/2014 126 0.12096 0.037291581
5/14/2014 249 0.20384 0.124190172
5/15/2014 279 0.22671 0.154765214
5/16/2014 2070 1.97932 10.02501036
5/17/2014 2010 1.92603 9.47234651
5/18/2014 516 0.41261 0.52094026
5/19/2014 299 0.25113 0.183725
5/20/2014 232 0.20511 0.11643225
5/21/2014 199 0.18352 0.08935831
5/22/2014 202 0.18763 0.092736803
5/23/2014 173 0.16847 0.071312745
5/24/2014 160 0.16072 0.062919951
5/25/2014 143 0.14986 0.052434875
5/26/2014 133 0.14398 0.046854605
5/27/2014 120 0.13571 0.039846627
5/28/2014 113 0.13179 0.036438406
5/29/2014 109 0.13007 0.034689825
5/30/2014 101 0.1252 0.030940275
5/31/2014 94.7 0.12153 0.028159954
6/1/2014 91.5 0.1202 0.02691064
6/2/2014 84.3 0.11563 0.02385045
6/3/2014 132 0.15513 0.050103515
6/4/2014 97.1 0.1283 0.030482063
6/5/2014 80.8 0.11613 0.022959068
6/6/2014 75.3 0.11265 0.020755091
6/7/2014 72.3 0.11117 0.019666378
6/8/2014 67 0.10769 0.017654225
6/9/2014 82 0.12155 0.0243875
6/10/2014 71.5 0.11357 0.01986864
6/11/2014 67.4 0.111 0.01830549
6/12/2014 69.6 0.11392 0.019400266
6/13/2014 73.4 0.11831 0.021247899
6/14/2014 154 0.19109 0.072004088
6/15/2014 87.6 0.13316 0.028541472
6/16/2014 72.2 0.12026 0.021245007
6/17/2014 182 0.22163 0.09869574
6/18/2014 172 0.21416 0.09012915
6/19/2014 96.1 0.14547 0.034205449
6/20/2014 69.3 0.12146 0.020595151
6/21/2014 59.2 0.11275 0.016331901
6/22/2014 54.5 0.10905 0.014541883
6/23/2014 50.8 0.10625 0.013206603
6/24/2014 244.3 0.29512 0.176408936
6/25/2014 204.7 0.25788 0.129161766
6/26/2014 108 0.16488 0.043570265
6/27/2014 77.5 0.13599 0.025787376
6/28/2014 67.6 0.12701 0.021007921
6/29/2014 165.2 0.22536 0.091093072
6/30/2014 126 0.18738 0.057768654
7/1/2014 75.3 0.13735 0.025305919
7/2/2014 58.8 0.12122 0.017440144
7/3/2014 63.1 0.12642 0.019518373
7/4/2014 70.5 0.13486 0.023263269
7/5/2014 54.2 0.1185 0.015715062
7/6/2014 49.7 0.11436 0.013906858
7/7/2014 69.53 0.13609 0.023152448
7/8/2014 188 0.26157 0.120321781
7/9/2014 157 0.22993 0.088327058
7/10/2014 92.3 0.16245 0.03668765
7/11/2014 67 0.13608 0.022308356
7/12/2014 55.3 0.12395 0.016771432
7/13/2014 97.6 0.17036 0.040683276
7/14/2014 93.6 0.16676 0.038191455
7/15/2014 289 0.38281 0.270694598
7/16/2014 145 0.22396 0.079457873
7/17/2014 89.8 0.16453 0.036150966
7/18/2014 69.9 0.14316 0.024484844
7/19/2014 61.5 0.13427 0.020204708
7/20/2014 74.1 0.14877 0.026973173
7/21/2014 66.9 0.14115 0.023104973
7/22/2014 66.4 0.14098 0.022904671
7/23/2014 69.5 0.14483 0.024628718
7/24/2014 72.8 0.1489 0.026523116
7/25/2014 56.1 0.13029 0.017884319
7/26/2014 50.2 0.12379 0.015205046
7/27/2014 169 0.25787 0.106631617
7/28/2014 1340 1.93184 6.33394699
7/29/2014 922 1.25361 2.828080978
7/30/2014 313 0.42645 0.32659605
7/31/2014 244 0.34543 0.206228342
8/1/2014 187 0.28002 0.128123599
8/2/2014 140 0.22686 0.077711347
8/3/2014 296 0.40751 0.295140259
8/4/2014 201 0.29653 0.14583547
8/5/2014 143 0.2305 0.080650198
8/6/2014 111 0.19435 0.052784449
8/7/2014 90.83 0.17151 0.03811687
8/8/2014 81.4 0.16075 0.0320165
8/9/2014 76 0.15452 0.028734045
8/10/2014 73.7 0.15178 0.02737036
8/11/2014 69.6 0.14697 0.025028591
8/12/2014 116 0.19918 0.05653302
8/13/2014 625 0.82467 1.261126598
8/14/2014 261 0.36378 0.232315292
8/15/2014 141 0.22628 0.078066328
8/16/2014 108 0.18897 0.049936154
8/17/2014 107 0.18747 0.049081071
8/18/2014 90.5 0.16866 0.037347295
8/19/2014 82.3 0.15911 0.032040242
8/20/2014 78.3 0.15423 0.029548068
8/21/2014 84.7 0.16091 0.033347626
8/22/2014 81.2 0.15656 0.031105366
8/23/2014 73.2 0.14721 0.026366159
8/24/2014 69.4 0.14252 0.024201025
8/25/2014 65.2 0.13738 0.021916418
8/26/2014 62.1 0.13345 0.020277231
8/27/2014 62.4 0.13327 0.020347706
8/28/2014 58.6 0.12856 0.018433252
8/29/2014 56.1 0.12527 0.017195247
8/30/2014 55.1 0.12364 0.016668982
8/31/2014 76.9 0.14661 0.027585979
9/1/2014 68.5 0.13693 0.022950262
9/2/2014 65.3 0.13285 0.021226247
9/3/2014 78.27 0.14592 0.02794529
9/4/2014 61.8 0.12778 0.0193219
9/5/2014 55.5 0.12043 0.016354081
9/6/2014 60.1 0.1246 0.018322764
9/7/2014 55.9 0.11949 0.016343379
9/8/2014 52.9 0.11566 0.014970535
9/9/2014 50.3 0.11226 0.013816292
9/10/2014 50.7 0.11198 0.013891428
9/11/2014 66.4 0.12731 0.02068374
9/12/2014 56.9 0.11687 0.016270983
9/13/2014 54.4 0.11358 0.01511817
9/14/2014 54.5 0.11291 0.015056616
9/15/2014 51.9 0.10953 0.013909096
9/16/2014 70.5 0.12709 0.021922949
9/17/2014 57.6 0.11359 0.016008884
9/18/2014 53.5 0.10875 0.014235788
9/19/2014 53.9 0.10833 0.014286833
9/20/2014 49 0.10278 0.012322623
9/21/2014 57.2 0.10982 0.015370073
9/22/2014 63.8 0.11518 0.017980271
9/23/2014 53.4 0.10452 0.013656491
9/24/2014 49.7 0.10022 0.012187349
9/25/2014 48.2 0.098 0.011557704
9/26/2014 46.5 0.09561 0.010878142
9/27/2014 45.8 0.09416 0.010551894
9/28/2014 45.2 0.09281 0.010264355
9/29/2014 44.9 0.09172 0.01007648
9/30/2014 44.5 0.09056 0.009860408
10/1/2014 49.6 0.09427 0.011440728
10/2/2014 50.7 0.09437 0.011706859
10/3/2014 47.9 0.09109 0.010675905
10/4/2014 65 0.10483 0.016672373
10/5/2014 53.6 0.09425 0.012360744
10/6/2014 48.5 0.08908 0.010571106
10/7/2014 49.9 0.0894 0.010915322
10/8/2014 52.8 0.09093 0.011747341
10/9/2014 51.5 0.08899 0.011213648
10/10/2014 47.5 0.08488 0.009865008
10/11/2014 45.8 0.08268 0.009265405
10/12/2014 45.6 0.0817 0.009115602
10/13/2014 45 0.08041 0.008853623
10/14/2014 45.7 0.08015 0.008962274
10/15/2014 66 0.09489 0.015323672
10/16/2014 64.1 0.0925 0.014507689
10/17/2014 53.4 0.08355 0.010916569
10/18/2014 52.6 0.08209 0.010565121
10/19/2014 63.9 0.08952 0.013996499
10/20/2014 55.5 0.08251 0.011204643
10/21/2014 132 0.13571 0.04383129
10/22/2014 112 0.12037 0.032986387
10/23/2014 73.1 0.09224 0.016498146
10/24/2014 60 0.08222 0.012070554
10/25/2014 54.6 0.07762 0.010369666
10/26/2014 66.2 0.08468 0.013716311
10/27/2014 55.3 0.07645 0.0103443
10/28/2014 55.3 0.07563 0.010233347
10/29/2014 67.6 0.0829 0.013711965
10/30/2014 69.5 0.08324 0.014155178
10/31/2014 59.4 0.07586 0.011025486
11/1/2014 72.8 0.08354 0.014880733
11/2/2014 94.3 0.096 0.022150391
11/3/2014 68.2 0.07889 0.013164513
11/4/2014 60.1 0.07306 0.010743669
11/5/2014 56.7 0.0702 0.009739096
11/6/2014 69.5 0.07714 0.013117858
11/7/2014 190 0.14713 0.06839956
11/8/2014 145 0.1193 0.04232597
11/9/2014 98.1 0.09114 0.021876433
11/10/2014 79.3 0.07946 0.015417722
11/11/2014 71.7 0.07431 0.013036616
11/12/2014 68 0.07144 0.011886359
11/13/2014 71.1 0.07239 0.012593506
11/14/2014 66.8 0.06925 0.011318652
11/15/2014 62.2 0.06601 0.010046125
11/16/2014 60.2 0.06422 0.009459436
11/17/2014 70.1 0.06883 0.011805768
11/18/2014 82.6 0.07465 0.015087189
11/19/2014 68.1 0.06634 0.01105404
11/20/2014 64.6 0.06384 0.01009076
11/21/2014 61.7 0.06169 0.009313189
11/22/2014 58.2 0.05927 0.008440271
11/23/2014 71.5 0.06532 0.011427486
11/24/2014 85.7 0.07164 0.015022246
11/25/2014 71.4 0.06394 0.011170415
11/26/2014 65 0.06019 0.009572738
11/27/2014 67.3 0.06069 0.0099938
11/28/2014 67.4 0.06013 0.009916298
11/29/2014 64.2 0.05803 0.009115617
11/30/2014 65.7 0.05815 0.009347889
12/1/2014 76.5 0.06256 0.011709993
12/2/2014 71 0.05945 0.01032782
12/3/2014 81.5 0.06361 0.012684737
12/4/2014 72.1 0.05881 0.010374924
12/5/2014 66.2 0.05564 0.009012465
12/6/2014 109 0.07378 0.019677215
12/7/2014 123 0.07912 0.02381167
12/8/2014 89 0.0639 0.013915196
12/9/2014 75.4 0.05755 0.010617326
12/10/2014 76 0.05729 0.010653465
12/11/2014 78.2 0.0577 0.011040304
12/12/2014 76.9 0.05666 0.010661084
12/13/2014 78.3 0.05674 0.010870501
12/14/2014 95.5 0.06324 0.014777253
12/15/2014 145 0.08255 0.029287584
12/16/2014 244 0.12184 0.072740819
12/17/2014 336 0.15904 0.130750728
12/18/2014 251 0.12271 0.075361954
12/19/2014 186 0.09593 0.043658203
12/20/2014 147 0.08007 0.028799546
12/21/2014 127 0.07181 0.022314498
12/22/2014 118 0.06786 0.019592702
12/23/2014 116 0.06661 0.018905836
12/24/2014 135 0.07322 0.024185884
12/25/2014 160 0.082 0.032102016
12/26/2014 137 0.07294 0.024450334
12/27/2014 118 0.06549 0.01890843
12/28/2014 116 0.06433 0.018258707
12/29/2014 106 0.0603 0.015639456
12/30/2014 97.1 0.05672 0.01347578
12/31/2014 89.2 0.05354 0.011685349
