1/1/2014 194900 0.04259 20.31037542
1/2/2014 177300 0.03484 15.11420658
1/3/2014 198800 0.04379 21.30049995
1/4/2014 187200 0.03933 18.01475096
1/5/2014 181200 0.03657 16.21368105
1/6/2014 248300 0.04792 29.11333788
1/7/2014 256400 0.04666 29.2725952
1/8/2014 191100 0.04064 19.00259263
1/9/2014 165300 0.02808 11.3571256
1/10/2014 170900 0.03109 13.00053595
1/11/2014 163900 0.02717 10.89599923
1/12/2014 183300 0.03704 16.61238222
1/13/2014 177300 0.03412 14.80185788
1/14/2014 198500 0.04272 20.74866826
1/15/2014 198500 0.04262 20.70009928
1/16/2014 195600 0.04159 19.90472779
1/17/2014 186800 0.03811 17.41864197
1/18/2014 194200 0.04087 19.42013905
1/19/2014 184000 0.03669 16.51824893
1/20/2014 189300 0.03879 17.96672272
1/21/2014 190700 0.03922 18.30023869
1/22/2014 185800 0.03711 16.87077898
1/23/2014 186100 0.03716 16.92078668
1/24/2014 193200 0.03976 18.79541718
1/25/2014 172000 0.03038 12.78541085
1/26/2014 175900 0.03219 13.85432234
1/27/2014 185000 0.03623 16.39979934
1/28/2014 186500 0.03667 16.73355509
1/29/2014 182900 0.03508 15.69899178
1/30/2014 178300 0.03291 14.35746272
1/31/2014 188200 0.03698 17.02883736
2/1/2014 181900 0.03422 15.23039532
2/2/2014 178700 0.03269 14.2934789
2/3/2014 190300 0.03736 17.39578885
2/4/2014 186100 0.03558 16.2013345
2/5/2014 181200 0.03338 14.79936214
2/6/2014 195600 0.03872 18.53116278
2/7/2014 199500 0.03972 19.38878575
2/8/2014 187200 0.0354 16.21464998
2/9/2014 186500 0.03498 15.96236044
2/10/2014 189300 0.03589 16.62350292
2/11/2014 190700 0.03624 16.9097565
2/12/2014 192500 0.03668 17.27661012
2/13/2014 183600 0.03327 14.94596461
2/14/2014 180800 0.03196 14.13851082
2/15/2014 181900 0.03225 14.35360167
2/16/2014 177600 0.03032 13.17560694
2/17/2014 191800 0.03561 16.71163911
2/18/2014 193500 0.03603 17.05861247
2/19/2014 180800 0.03122 13.81114856
2/20/2014 187900 0.03377 15.52588312
2/21/2014 180100 0.03063 13.49768167
2/22/2014 179000 0.03005 13.16121486
2/23/2014 186100 0.03264 14.86260703
2/24/2014 199500 0.03671 17.91949459
2/25/2014 198100 0.03614 17.51745843
2/26/2014 196300 0.03548 17.04128668
2/27/2014 202400 0.03684 18.24435867
2/28/2014 204500 0.03714 18.58376408
3/1/2014 188200 0.0324 14.91980342
3/2/2014 174500 0.02696 11.51101954
3/3/2014 194900 0.03417 16.2950347
3/4/2014 197100 0.03457 16.67187616
3/5/2014 186500 0.03112 14.20093358
3/6/2014 189600 0.03203 14.85914236
3/7/2014 187900 0.03127 14.37649882
3/8/2014 174500 0.02612 11.15236759
3/9/2014 175900 0.02655 11.42691079
3/10/2014 193200 0.03241 15.32091224
3/11/2014 187200 0.03037 13.91070396
3/12/2014 189300 0.03089 14.30760672
3/13/2014 198800 0.0334 16.24655626
3/14/2014 196000 0.03249 15.58132027
3/15/2014 193900 0.03174 15.05855166
3/16/2014 193900 0.03157 14.9778978
3/17/2014 191800 0.0308 14.45432419
3/18/2014 190000 0.03012 14.00254704
3/19/2014 192800 0.03077 14.51553334
3/20/2014 210500 0.03442 17.72806919
3/21/2014 196300 0.03138 15.07202864
3/22/2014 196300 0.03121 14.99037648
3/23/2014 198800 0.03163 15.38558606
3/24/2014 201300 0.03201 15.76623229
3/25/2014 200200 0.03161 15.48413827
3/26/2014 196700 0.03062 14.73696385
3/27/2014 191400 0.02908 13.61867348
3/28/2014 196000 0.03012 14.44473274
3/29/2014 187200 0.02754 12.61444804
3/30/2014 191400 0.02861 13.39856425
3/31/2014 199900 0.03052 14.92779957
4/1/2014 198100 0.02998 14.53163818
4/2/2014 211500 0.03224 16.68414197
4/3/2014 194900 0.02892 13.79140777
4/4/2014 199200 0.02973 14.49047811
4/5/2014 220700 0.03269 17.65288636
4/6/2014 198100 0.0292 14.15356354
4/7/2014 208400 0.03095 15.78181106
4/8/2014 216800 0.03186 16.90065441
4/9/2014 213700 0.03134 16.38709555
4/10/2014 214400 0.03127 16.40405188
4/11/2014 216500 0.03133 16.59650983
4/12/2014 202400 0.02916 14.44097445
4/13/2014 200200 0.02862 14.01948868
4/14/2014 208700 0.02993 15.2836695
4/15/2014 219700 0.03099 16.65904514
4/16/2014 213700 0.03027 15.82761271
4/17/2014 205500 0.02902 14.59176095
4/18/2014 209800 0.0295 15.14348988
4/19/2014 205200 0.02868 14.39975076
4/20/2014 196700 0.02695 12.97064584
4/21/2014 216500 0.02986 15.81780349
4/22/2014 213700 0.02943 15.38839254
4/23/2014 214400 0.02937 15.40732343
4/24/2014 205200 0.02803 14.07339658
4/25/2014 206900 0.02818 14.26592549
4/26/2014 211500 0.02868 14.84184838
4/27/2014 200600 0.02688 13.19345879
4/28/2014 200200 0.0267 13.07897791
4/29/2014 199900 0.02652 12.97133829
4/30/2014 215800 0.02864 15.12247676
5/1/2014 214000 0.02836 14.84972707
5/2/2014 218600 0.02865 15.32403925
5/3/2014 205900 0.0271 13.65287485
5/4/2014 204100 0.02673 13.34874495
5/5/2014 216500 0.02815 14.91196143
5/6/2014 210100 0.02738 14.07530998
5/7/2014 214700 0.02778 14.59361073
5/8/2014 214000 0.02761 14.45701567
5/9/2014 209100 0.02694 13.78320121
5/10/2014 207700 0.02666 13.5486216
5/11/2014 206600 0.02643 13.3605997
5/12/2014 220400 0.02775 14.96487348
5/13/2014 212200 0.02697 14.00311959
5/14/2014 223500 0.02776 15.18082805
5/15/2014 228800 0.02785 15.59120534
5/16/2014 235900 0.02777 16.02884733
5/17/2014 226400 0.02761 15.29471191
5/18/2014 216800 0.027 14.32258848
5/19/2014 227100 0.02748 15.26976433
5/20/2014 231000 0.02747 15.52634068
5/21/2014 226000 0.02731 15.10179641
5/22/2014 220000 0.02695 14.5070772
5/23/2014 226700 0.02719 15.08200914
5/24/2014 220400 0.02683 14.46874074
5/25/2014 224200 0.02698 14.80048767
5/26/2014 227100 0.02702 15.01415693
5/27/2014 225300 0.02691 14.83451532
5/28/2014 215100 0.0262 13.78923502
5/29/2014 218600 0.02644 14.14197549
5/30/2014 223900 0.02669 14.6218101
5/31/2014 217200 0.02624 13.94511575
6/1/2014 213700 0.02588 13.53216442
6/2/2014 232400 0.02675 15.21102156
6/3/2014 229500 0.02669 14.98751861
6/4/2014 223200 0.02645 14.44502635
6/5/2014 225000 0.02649 14.5835397
6/6/2014 221800 0.02632 14.28387032
6/7/2014 217900 0.02604 13.88342703
6/8/2014 206600 0.02484 12.55684058
6/9/2014 215800 0.02582 13.63346194
6/10/2014 225000 0.02635 14.5064655
6/11/2014 219000 0.02602 13.94279618
6/12/2014 216500 0.02582 13.6776854
6/13/2014 219000 0.02599 13.92672071
6/14/2014 208000 0.02493 12.68773459
6/15/2014 220400 0.02606 14.0534992
6/16/2014 223200 0.0262 14.30849491
6/17/2014 222800 0.02619 14.27740098
6/18/2014 214700 0.02562 13.45890234
6/19/2014 208000 0.0249 12.67246656
6/20/2014 208000 0.02491 12.6775559
6/21/2014 209800 0.02512 12.89506664
6/22/2014 203100 0.02423 12.04097929
6/23/2014 214000 0.02558 13.39407682
6/24/2014 209100 0.02506 12.82134455
6/25/2014 215400 0.02574 13.56602813
6/26/2014 218600 0.026 13.90663248
6/27/2014 211900 0.02543 13.18486808
6/28/2014 203800 0.02442 12.17722445
6/29/2014 200900 0.02401 11.8024065
6/30/2014 212900 0.02562 13.34606571
7/1/2014 215400 0.02588 13.63981383
7/2/2014 215400 0.02591 13.65562506
7/3/2014 211900 0.0256 13.27300915
7/4/2014 199500 0.02392 11.67622747
7/5/2014 217200 0.02616 13.90260015
7/6/2014 227400 0.02673 14.87263401
7/7/2014 223500 0.02664 14.56834507
7/8/2014 225300 0.02676 14.75182571
7/9/2014 219300 0.02649 14.21409003
7/10/2014 220400 0.02661 14.3501003
7/11/2014 219300 0.0266 14.27311418
7/12/2014 220000 0.0267 14.3725032
7/13/2014 211900 0.02606 13.51150854
7/14/2014 217900 0.02667 14.21931639
7/15/2014 219700 0.02686 14.43891425
7/16/2014 226000 0.02724 15.06308803
7/17/2014 220700 0.02707 14.61803713
7/18/2014 220000 0.02709 14.58243864
7/19/2014 202000 0.02511 12.4107079
7/20/2014 208400 0.0261 13.30873243
7/21/2014 217900 0.02716 14.48056368
7/22/2014 211500 0.02665 13.79132703
7/23/2014 216800 0.02725 14.45520504
7/24/2014 217900 0.02741 14.61385311
7/25/2014 209100 0.02659 13.60413215
7/26/2014 215100 0.02734 14.38922463
7/27/2014 214700 0.0274 14.3939861
7/28/2014 207300 0.02663 13.50731227
7/29/2014 207700 0.02676 13.59944163
7/30/2014 222500 0.02827 15.39055551
7/31/2014 224600 0.02848 15.65122045
8/1/2014 225300 0.02861 15.77166418
8/2/2014 210500 0.02753 14.17936504
8/3/2014 211500 0.02777 14.37092501
8/4/2014 224600 0.02891 15.8875275
8/5/2014 220000 0.02877 15.48677592
8/6/2014 214400 0.0284 14.89846733
8/7/2014 212900 0.02837 14.77860594
8/8/2014 212600 0.02844 14.7941945
8/9/2014 199900 0.02664 13.03003212
8/10/2014 199500 0.02669 13.02836585
8/11/2014 209400 0.02842 14.56126893
8/12/2014 223900 0.02985 16.35297982
8/13/2014 217900 0.02959 15.77613693
8/14/2014 214400 0.02939 15.41781531
8/15/2014 216800 0.02977 15.79197996
8/16/2014 215400 0.02977 15.69000223
8/17/2014 220000 0.0303 16.3103688
8/18/2014 213300 0.02982 15.56313076
8/19/2014 212600 0.02988 15.54326764
8/20/2014 219000 0.03065 16.42377798
8/21/2014 221400 0.03098 16.78253269
8/22/2014 211900 0.03023 15.67355729
8/23/2014 198500 0.02812 13.65759718
8/24/2014 196300 0.02781 13.35733322
8/25/2014 208000 0.03014 15.33928282
8/26/2014 219300 0.0316 16.95603038
8/27/2014 220400 0.03184 17.17050708
8/28/2014 210500 0.03096 15.94599134
8/29/2014 206900 0.0306 15.49103335
8/30/2014 202700 0.03 14.8789908
8/31/2014 211200 0.03154 16.29874161
9/1/2014 211200 0.0317 16.38142387
9/2/2014 224600 0.03311 18.19564288
9/3/2014 210500 0.03194 16.45074172
9/4/2014 211200 0.03221 16.64497359
9/5/2014 212900 0.03262 16.99253175
9/6/2014 217200 0.03327 17.68117382
9/7/2014 203100 0.03136 15.58419771
9/8/2014 208000 0.03242 16.49965325
9/9/2014 210500 0.03297 16.98124466
9/10/2014 213300 0.03355 17.50982686
9/11/2014 219000 0.03433 18.39570304
9/12/2014 210800 0.03358 17.32007508
9/13/2014 205200 0.0328 16.46833421
9/14/2014 210100 0.03383 17.39107876
9/15/2014 212200 0.03433 17.82451226
9/16/2014 212900 0.03462 18.03437919
9/17/2014 217900 0.03538 18.86312013
9/18/2014 214000 0.03513 18.39460198
9/19/2014 213700 0.03527 18.44201851
9/20/2014 207300 0.03448 17.48900215
9/21/2014 225700 0.03673 20.28387657
9/22/2014 217200 0.03628 19.28082315
9/23/2014 222500 0.03694 20.11061622
9/24/2014 207700 0.03529 17.9343907
9/25/2014 209800 0.03585 18.40319024
9/26/2014 207700 0.03567 18.12750684
9/27/2014 194900 0.03294 15.70847068
9/28/2014 198100 0.03397 16.46563539
9/29/2014 212600 0.03708 19.28863333
9/30/2014 214700 0.03758 19.74182474
10/1/2014 199200 0.03478 16.95186104
10/2/2014 202700 0.03582 17.76551502
10/3/2014 198500 0.03497 16.98457231
10/4/2014 232700 0.03956 22.52429144
10/5/2014 232400 0.03976 22.60898008
10/6/2014 222500 0.03959 21.55331067
10/7/2014 221100 0.03968 21.46638321
10/8/2014 225000 0.04016 22.1092848
10/9/2014 223200 0.04026 21.9870231
10/10/2014 214400 0.03952 20.73195172
10/11/2014 202400 0.03743 18.53654574
10/12/2014 198500 0.03662 17.78596048
10/13/2014 207300 0.03891 19.73599401
10/14/2014 208700 0.03938 20.10928516
10/15/2014 216800 0.04086 21.67485057
10/16/2014 211500 0.04028 20.8448275
10/17/2014 216800 0.04126 21.88703706
10/18/2014 215400 0.04126 21.74570011
10/19/2014 203800 0.03926 19.5773068
10/20/2014 218200 0.04201 22.42879284
10/21/2014 216500 0.04198 22.23815776
10/22/2014 210800 0.0413 21.30193867
10/23/2014 208000 0.04094 20.83577434
10/24/2014 209800 0.04146 21.28302001
10/25/2014 197100 0.0385 18.56717478
10/26/2014 215400 0.04278 22.546802
10/27/2014 208400 0.04172 21.27357537
10/28/2014 219000 0.04359 23.35766663
10/29/2014 217900 0.04365 23.27233448
10/30/2014 221400 0.04422 23.95492561
10/31/2014 219700 0.04421 23.76561425
11/1/2014 197100 0.03964 19.11695606
11/2/2014 194900 0.03913 18.66036605
11/3/2014 208400 0.04291 21.88037198
11/4/2014 221400 0.04509 24.42622334
11/5/2014 228500 0.0457 25.55058666
11/6/2014 211500 0.04404 22.79062073
11/7/2014 208700 0.04364 22.28464206
11/8/2014 214000 0.04478 23.44748866
11/9/2014 206200 0.04339 21.89156364
11/10/2014 211500 0.04466 23.11146961
11/11/2014 205900 0.04358 21.95543491
11/12/2014 232700 0.04689 26.69777618
11/13/2014 222500 0.04659 25.36420167
11/14/2014 217900 0.04623 24.6478814
11/15/2014 196000 0.04125 19.782378
11/16/2014 204800 0.04399 22.04359311
11/17/2014 211900 0.04567 23.67884094
11/18/2014 281500 0.03999 27.54408026
11/19/2014 229900 0.04781 26.89404869
11/20/2014 259200 0.04537 28.77413311
11/21/2014 211500 0.04609 23.85149204
11/22/2014 206900 0.04522 22.89230484
11/23/2014 202700 0.04421 21.92667278
11/24/2014 212600 0.04661 24.24604098
11/25/2014 247200 0.04769 28.8452469
11/26/2014 222100 0.04814 26.16092624
11/27/2014 210100 0.04641 23.85811308
11/28/2014 212200 0.04693 24.36657035
11/29/2014 202700 0.04475 22.19449461
11/30/2014 196000 0.0427 20.47775856
12/1/2014 215400 0.04772 25.15038316
12/2/2014 204100 0.04536 22.65241568
12/3/2014 227400 0.04909 27.31378989
12/4/2014 223900 0.04893 26.80573878
12/5/2014 211900 0.04735 24.54988216
12/6/2014 193200 0.04203 19.86849557
12/7/2014 183300 0.03792 17.00706084
12/8/2014 194600 0.04264 20.30292002
12/9/2014 209100 0.04695 24.02083507
12/10/2014 202400 0.04525 22.40926248
12/11/2014 220000 0.04889 26.31729144
12/12/2014 223200 0.04923 26.88577116
12/13/2014 219700 0.04888 26.2760286
12/14/2014 208700 0.04702 24.01062946
12/15/2014 202400 0.04537 22.46869036
12/16/2014 208400 0.04695 23.94042098
12/17/2014 228100 0.04963 27.69925142
12/18/2014 220000 0.04899 26.37112104
12/19/2014 221800 0.04918 26.6899978
12/20/2014 216800 0.04857 25.76474528
12/21/2014 202700 0.04548 22.55655005
12/22/2014 198800 0.04428 21.53884764
12/23/2014 198800 0.04426 21.52911916
12/24/2014 199500 0.04447 21.7074346
12/25/2014 251800 0.04816 29.6715802
12/26/2014 219300 0.04876 26.16379878
12/27/2014 208000 0.04671 23.77232582
12/28/2014 218200 0.04855 25.92044495
12/29/2014 211900 0.04745 24.60172985
12/30/2014 220000 0.04866 26.19348336
12/31/2014 227100 0.04918 27.32776601
