1/1/2014 12200 0.04892 1.460308963
1/2/2014 10600 0.04809 1.247266087
1/3/2014 8660 0.04698 0.99547275
1/4/2014 9780 0.04748 1.136182346
1/5/2014 10900 0.04792 1.27803215
1/6/2014 10600 0.04768 1.236632294
1/7/2014 9830 0.0472 1.135256477
1/8/2014 10500 0.04743 1.218543102
1/9/2014 11100 0.04761 1.293062843
1/10/2014 10500 0.04723 1.213404822
1/11/2014 10300 0.04704 1.185503962
1/12/2014 11800 0.04763 1.375184791
1/13/2014 12670 0.04789 1.484635783
1/14/2014 14300 0.04844 1.694878786
1/15/2014 14700 0.04849 1.74408638
1/16/2014 13500 0.04796 1.584205128
1/17/2014 13700 0.04794 1.60700441
1/18/2014 13500 0.04778 1.578259404
1/19/2014 12900 0.04746 1.498014151
1/20/2014 12500 0.04721 1.44391785
1/21/2014 11700 0.0468 1.339769808
1/22/2014 11000 0.04641 1.249115868
1/23/2014 10600 0.04615 1.196950092
1/24/2014 10900 0.04621 1.232426245
1/25/2014 10400 0.04591 1.168258915
1/26/2014 9890 0.04559 1.103225663
1/27/2014 9810 0.04548 1.091661352
1/28/2014 9290 0.04515 1.026294356
1/29/2014 8160 0.04449 0.888282357
1/30/2014 8350 0.04453 0.909782633
1/31/2014 5340 0.04253 0.555693237
2/1/2014 5560 0.04264 0.580083429
2/2/2014 8360 0.04434 0.906985696
2/3/2014 7167 0.0436 0.764579
2/4/2014 7940 0.044 0.854814048
2/5/2014 7590 0.04374 0.812304813
2/6/2014 6100 0.04274 0.637915015
2/7/2014 4910 0.04181 0.502296476
2/8/2014 5090 0.04191 0.521956025
2/9/2014 4980 0.04177 0.508970123
2/10/2014 4560 0.04138 0.461693543
2/11/2014 4540 0.04132 0.459002063
2/12/2014 4520 0.04127 0.456427051
2/13/2014 4180 0.04093 0.41861665
2/14/2014 4540 0.04121 0.457780131
2/15/2014 4260 0.04093 0.426628452
2/16/2014 4090 0.04074 0.407701965
2/17/2014 3920 0.04055 0.388933541
2/18/2014 3870 0.04047 0.383215125
2/19/2014 3650 0.04023 0.359286889
2/20/2014 3750 0.0403 0.36977265
2/21/2014 5330 0.04161 0.542654485
2/22/2014 7460 0.04299 0.784701973
2/23/2014 9010 0.0438 0.965600258
2/24/2014 11600 0.04496 1.276094285
2/25/2014 11400 0.04486 1.251303307
2/26/2014 11000 0.04467 1.202284116
2/27/2014 9230 0.04384 0.990080982
2/28/2014 7650 0.04298 0.8045005
3/1/2014 7490 0.04288 0.785841692
3/2/2014 7290 0.04275 0.762539103
3/3/2014 7230 0.0427 0.755378543
3/4/2014 7043 0.04258 0.733773152
3/5/2014 6250 0.04207 0.643355475
3/6/2014 5870 0.04181 0.600505156
3/7/2014 6050 0.04193 0.62069566
3/8/2014 4830 0.04104 0.485012526
3/9/2014 4150 0.04047 0.410941283
3/10/2014 4220 0.04053 0.418492353
3/11/2014 4710 0.04095 0.471925327
3/12/2014 5150 0.0413 0.520422126
3/13/2014 7170 0.04267 0.748583535
3/14/2014 8460 0.04341 0.898583874
3/15/2014 9340 0.04387 1.002566023
3/16/2014 9970 0.04418 1.077753251
3/17/2014 10700 0.04453 1.165829243
3/18/2014 10500 0.04446 1.142239644
3/19/2014 10400 0.04443 1.13059777
3/20/2014 10500 0.0445 1.1432673
3/21/2014 11400 0.04491 1.252697983
3/22/2014 11800 0.04511 1.302426746
3/23/2014 11700 0.04509 1.29081668
3/24/2014 11300 0.04495 1.242815358
3/25/2014 9540 0.04419 1.031503838
3/26/2014 7810 0.04332 0.827823887
3/27/2014 7380 0.0431 0.77827325
3/28/2014 5880 0.04218 0.606851421
3/29/2014 8710 0.04391 0.935793585
3/30/2014 17200 0.04728 1.989776909
3/31/2014 20200 0.04818 2.381313845
4/1/2014 20100 0.0482 2.370508776
4/2/2014 19800 0.04817 2.333674649
4/3/2014 19400 0.04811 2.283681631
4/4/2014 18600 0.04793 2.181317306
4/5/2014 19300 0.04818 2.275215703
4/6/2014 19500 0.0483 2.30451858
4/7/2014 19500 0.04835 2.30690421
4/8/2014 21400 0.04892 2.561525558
4/9/2014 22100 0.04915 2.657750862
4/10/2014 21900 0.04917 2.634770516
4/11/2014 21600 0.04916 2.598149261
4/12/2014 21100 0.0491 2.534909268
4/13/2014 20600 0.04903 2.471312042
4/14/2014 20030 0.04896 2.39950042
4/15/2014 19800 0.04896 2.371947494
4/16/2014 19700 0.049 2.36189604
4/17/2014 19900 0.04913 2.392204552
4/18/2014 19900 0.04921 2.396099857
4/19/2014 19000 0.04903 2.279365476
4/20/2014 18700 0.04903 2.243375495
4/21/2014 18200 0.04896 2.18027497
4/22/2014 17600 0.04886 2.104091405
4/23/2014 17300 0.04885 2.067802914
4/24/2014 15000 0.04817 1.76793534
4/25/2014 14800 0.04819 1.745087122
4/26/2014 15200 0.04842 1.800805651
4/27/2014 15100 0.04847 1.79080558
4/28/2014 15100 0.04856 1.794130781
4/29/2014 14700 0.04851 1.74480574
4/30/2014 16200 0.04912 1.947026419
5/1/2014 18500 0.04994 2.260574052
5/2/2014 17600 0.04976 2.142848717
5/3/2014 17100 0.04971 2.079880319
5/4/2014 17900 0.05006 2.192513863
5/5/2014 15600 0.0494 1.885601952
5/6/2014 13300 0.04866 1.58351513
5/7/2014 10400 0.0475 1.2087192
5/8/2014 8830 0.04679 1.010909367
5/9/2014 8270 0.04658 0.942547977
5/10/2014 9580 0.04739 1.110837902
5/11/2014 10200 0.04781 1.193211382
5/12/2014 9790 0.0477 1.142614004
5/13/2014 9550 0.04769 1.114369369
5/14/2014 12700 0.04925 1.53041223
5/15/2014 14100 0.04992 1.72223401
5/16/2014 14300 0.05011 1.753310816
5/17/2014 18800 0.05175 2.38049172
5/18/2014 18700 0.05183 2.371489943
5/19/2014 19300 0.05213 2.461747501
5/20/2014 18500 0.05201 2.354274258
5/21/2014 16000 0.0513 2.00833344
5/22/2014 12800 0.0502 1.572215808
5/23/2014 12200 0.05006 1.494339058
5/24/2014 10300 0.04929 1.242208552
5/25/2014 11300 0.04988 1.379124139
5/26/2014 11200 0.04996 1.369111834
5/27/2014 9700 0.04933 1.170796247
5/28/2014 10100 0.04966 1.227231689
5/29/2014 10100 0.04977 1.229950084
5/30/2014 8300 0.0489 0.993082716
5/31/2014 6730 0.04801 0.790578942
6/1/2014 7630 0.04872 0.909557772
6/2/2014 7680 0.04887 0.918336891
6/3/2014 8150 0.04928 0.982713178
6/4/2014 7170 0.04878 0.855774662
6/5/2014 6590 0.04849 0.781872738
6/6/2014 6990 0.04889 0.836172123
6/7/2014 6470 0.04864 0.770009917
6/8/2014 4430 0.04706 0.510098587
6/9/2014 3010 0.04562 0.335985278
6/10/2014 3480 0.0463 0.394238203
6/11/2014 4657 0.04762 0.542617881
6/12/2014 5690 0.04864 0.677180283
6/13/2014 5840 0.04888 0.698461571
6/14/2014 7170 0.04997 0.876651493
6/15/2014 11200 0.05242 1.436526067
6/16/2014 11300 0.05259 1.454052496
6/17/2014 9420 0.05173 1.192317321
6/18/2014 6750 0.05016 0.828437544
6/19/2014 4550 0.04845 0.539390943
6/20/2014 4360 0.04838 0.516120162
6/21/2014 7400 0.05098 0.923060194
6/22/2014 6860 0.05072 0.851337635
6/23/2014 4780 0.04913 0.574609938
6/24/2014 8000 0.05174 1.012779456
6/25/2014 10000 0.05304 1.29778272
6/26/2014 11000 0.05369 1.445055612
6/27/2014 10100 0.05334 1.318174351
6/28/2014 11100 0.05399 1.466340325
6/29/2014 7170 0.05177 0.908229894
6/30/2014 4080 0.04923 0.491460333
7/1/2014 3140 0.04824 0.370625604
7/2/2014 4000 0.04936 0.483096192
7/3/2014 6220 0.05152 0.784087826
7/4/2014 6210 0.05162 0.784346697
7/5/2014 5380 0.05104 0.671879535
7/6/2014 2590 0.048 0.304186176
7/7/2014 2423 0.04786 0.283742624
7/8/2014 2260 0.04769 0.263714636
7/9/2014 4620 0.05076 0.573802004
7/10/2014 4540 0.05079 0.564199293
7/11/2014 7490 0.05335 0.977720482
7/12/2014 5290 0.05171 0.669312108
7/13/2014 3350 0.04976 0.407871773
7/14/2014 3930 0.05055 0.486084958
7/15/2014 3950 0.05067 0.489718456
7/16/2014 3980 0.0508 0.494703811
7/17/2014 3300 0.05008 0.404367955
7/18/2014 3110 0.04993 0.379944732
7/19/2014 2570 0.04924 0.30963471
7/20/2014 1670 0.0477 0.194909641
7/21/2014 1260 0.04681 0.144313732
7/22/2014 1450 0.04738 0.168097607
7/23/2014 1530 0.04765 0.178382731
7/24/2014 1510 0.04768 0.17616177
7/25/2014 1620 0.04801 0.190302806
7/26/2014 1360 0.04748 0.157996727
7/27/2014 1600 0.04813 0.188423174
7/28/2014 2700 0.0502 0.331639272
7/29/2014 5690 0.05366 0.747070189
7/30/2014 7780 0.05538 1.05421944
7/31/2014 8070 0.05567 1.099241783
8/1/2014 8540 0.05607 1.171620329
8/2/2014 9790 0.05692 1.36347147
8/3/2014 8790 0.05638 1.212585633
8/4/2014 8150 0.05603 1.117317763
8/5/2014 8480 0.05633 1.168783509
8/6/2014 9120 0.05682 1.267927845
8/7/2014 9620 0.05719 1.346150573
8/8/2014 7950 0.05617 1.09262221
8/9/2014 5150 0.05396 0.679951039
8/10/2014 5240 0.05411 0.693756864
8/11/2014 3570 0.05235 0.457281229
8/12/2014 3440 0.05224 0.439703662
8/13/2014 6010 0.05498 0.808495635
8/14/2014 8500 0.05692 1.183810776
8/15/2014 7930 0.05658 1.097828756
8/16/2014 7520 0.05633 1.036468395
8/17/2014 3910 0.05307 0.507720053
8/18/2014 2680 0.05145 0.337379465
8/19/2014 3090 0.0521 0.393907885
8/20/2014 3600 0.05282 0.465263914
8/21/2014 4870 0.05428 0.64679592
8/22/2014 6700 0.05596 0.917383618
8/23/2014 9470 0.05794 1.342539096
8/24/2014 10100 0.05836 1.442232005
8/25/2014 9160 0.05781 1.295677493
8/26/2014 6440 0.05588 0.880523065
8/27/2014 2920 0.05211 0.372308024
8/28/2014 2650 0.05172 0.335353514
8/29/2014 975 0.04798 0.114462527
8/30/2014 1350 0.04915 0.162351297
8/31/2014 2230 0.05106 0.278601946
9/1/2014 2080 0.0508 0.258538675
9/2/2014 1880 0.05041 0.231885193
9/3/2014 1877 0.05041 0.231515164
9/4/2014 2720 0.05192 0.345542968
9/5/2014 2770 0.052 0.352437072
9/6/2014 4740 0.05446 0.631617931
9/7/2014 4530 0.05424 0.601196377
9/8/2014 3860 0.05347 0.505005329
9/9/2014 2530 0.05161 0.31948675
9/10/2014 1810 0.05027 0.222631151
9/11/2014 1810 0.05026 0.222586864
9/12/2014 1640 0.04988 0.20015607
9/13/2014 1310 0.04904 0.157188304
9/14/2014 1510 0.04954 0.183033853
9/15/2014 1850 0.05029 0.227641708
9/16/2014 3050 0.05231 0.390375929
9/17/2014 4410 0.05398 0.582465144
9/18/2014 2400 0.05126 0.301015123
9/19/2014 1320 0.04895 0.158097535
9/20/2014 1560 0.04953 0.189056406
9/21/2014 1460 0.04926 0.175972877
9/22/2014 1130 0.04831 0.133571546
9/23/2014 1560 0.04943 0.188674705
9/24/2014 1900 0.05014 0.233096849
9/25/2014 1000 0.04777 0.116883636
9/26/2014 1370 0.04885 0.163750867
9/27/2014 1600 0.04937 0.193277626
9/28/2014 1890 0.04996 0.231037622
9/29/2014 1890 0.04991 0.230806399
9/30/2014 3350 0.05223 0.428117819
10/1/2014 2520 0.05096 0.314216099
10/2/2014 2370 0.05065 0.293715095
10/3/2014 1230 0.04813 0.144850315
10/4/2014 2300 0.05042 0.283745609
10/5/2014 3110 0.05162 0.392804868
10/6/2014 2470 0.05059 0.305745522
10/7/2014 2420 0.05045 0.298727365
10/8/2014 2600 0.05068 0.322409942
10/9/2014 2760 0.05086 0.343466124
10/10/2014 842 0.04642 0.095634744
10/11/2014 725 0.04585 0.081334691
10/12/2014 1870 0.04911 0.224703591
10/13/2014 1680 0.04864 0.199940751
10/14/2014 1560 0.04829 0.184323316
10/15/2014 1490 0.04805 0.175177423
10/16/2014 5120 0.05315 0.66584279
10/17/2014 7970 0.05537 1.079770149
10/18/2014 7080 0.05464 0.946547516
10/19/2014 7340 0.05474 0.983103687
10/20/2014 6550 0.05405 0.866234487
10/21/2014 2870 0.05011 0.351888255
10/22/2014 3420 0.05077 0.424846203
10/23/2014 7360 0.05439 0.979479487
10/24/2014 5620 0.0529 0.727428746
10/25/2014 3610 0.05074 0.448183782
10/26/2014 2640 0.04932 0.318585105
10/27/2014 2650 0.04925 0.319337985
10/28/2014 2640 0.04914 0.317422385
10/29/2014 4630 0.05149 0.583313939
10/30/2014 7140 0.05354 0.935351938
10/31/2014 7150 0.05344 0.934912493
11/1/2014 7990 0.05392 1.054132333
11/2/2014 7390 0.0534 0.965570897
11/3/2014 6970 0.05299 0.903701846
11/4/2014 3950 0.05015 0.484692729
11/5/2014 2970 0.04883 0.354847415
11/6/2014 1690 0.04657 0.192571234
11/7/2014 3460 0.04926 0.417031613
11/8/2014 5150 0.05094 0.641895959
11/9/2014 5120 0.0508 0.636402893
11/10/2014 5040 0.05062 0.624239361
11/11/2014 5230 0.05068 0.64854
11/12/2014 4300 0.04967 0.522589991
11/13/2014 4540 0.0498 0.553201906
11/14/2014 3830 0.04893 0.458534969
11/15/2014 3250 0.04813 0.382734573
11/16/2014 2560 0.04707 0.294837443
11/17/2014 2480 0.04683 0.284167437
11/18/2014 4510 0.0492 0.542925346
11/19/2014 5630 0.05011 0.690289503
11/20/2014 5680 0.05004 0.695447113
11/21/2014 4330 0.04868 0.51574727
11/22/2014 3980 0.0482 0.469384325
11/23/2014 4110 0.04822 0.484917101
11/24/2014 3970 0.04795 0.465776518
11/25/2014 5070 0.04892 0.606866102
11/26/2014 7600 0.05075 0.94373076
11/27/2014 8090 0.05094 1.008337535
11/28/2014 8180 0.05088 1.018354245
11/29/2014 7830 0.05053 0.968076175
11/30/2014 8890 0.05106 1.110659775
12/1/2014 8330 0.0506 1.031321306
12/2/2014 9540 0.05119 1.194901142
12/3/2014 9750 0.05118 1.220965434
12/4/2014 10500 0.05145 1.32182253
12/5/2014 10700 0.05142 1.346214679
12/6/2014 10300 0.0511 1.287824244
12/7/2014 10800 0.05122 1.353511037
12/8/2014 10700 0.05105 1.336527798
12/9/2014 11070 0.05109 1.383827623
12/10/2014 10300 0.0506 1.275223224
12/11/2014 10500 0.05058 1.299471012
12/12/2014 10200 0.0503 1.255355208
12/13/2014 9400 0.04976 1.144476019
12/14/2014 9580 0.04974 1.165922711
12/15/2014 10300 0.04999 1.25984998
12/16/2014 10400 0.04992 1.270300262
12/17/2014 11900 0.05052 1.470986798
12/18/2014 13100 0.05091 1.631822303
12/19/2014 12400 0.0505 1.53218616
12/20/2014 11700 0.05006 1.433095654
12/21/2014 11400 0.04981 1.389376231
12/22/2014 11100 0.04955 1.345752234
12/23/2014 10700 0.04924 1.289140622
12/24/2014 12100 0.04977 1.473504556
12/25/2014 13500 0.05024 1.659517632
12/26/2014 13000 0.04993 1.588193412
12/27/2014 12300 0.04951 1.490035136
12/28/2014 12000 0.04927 1.446646032
12/29/2014 12200 0.04925 1.47015978
12/30/2014 12300 0.04918 1.480103575
12/31/2014 10800 0.0484 1.278991296
