date flow_ft3_s po4_mg_L Daily_Load_MTD
1/1/2013 108 0.1087 0.028724453
1/2/2013 92.4 0.11154 0.025217445
1/3/2013 104 0.10904 0.027747103
1/4/2013 104 0.10893 0.027719112
1/5/2013 103 0.10899 0.027467703
1/6/2013 109 0.10802 0.028809064
1/7/2013 133 0.10629 0.034589359
1/8/2013 144.3 0.10619 0.037492847
1/9/2013 137 0.10608 0.035559247
1/10/2013 235 0.11363 0.065337023
1/11/2013 241 0.11436 0.067435668
1/12/2013 298 0.12275 0.089502721
1/13/2013 424 0.14536 0.150802744
1/14/2013 480 0.15659 0.183909318
1/15/2013 360 0.13323 0.117355379
1/16/2013 260 0.11681 0.074310784
1/17/2013 170 0.10681 0.04442826
1/18/2013 124 0.10614 0.032203216
1/19/2013 112 0.10709 0.029347115
1/20/2013 114 0.10689 0.029815384
1/21/2013 96.8 0.10949 0.025932733
1/22/2013 68.3 0.12058 0.0201509
1/23/2013 69.7 0.11974 0.020420694
1/24/2013 78.9 0.11508 0.022216484
1/25/2013 72.9 0.118 0.021047863
1/26/2013 70.9 0.11917 0.020673388
1/27/2013 71 0.11918 0.020704283
1/28/2013 72.3 0.11852 0.020966619
1/29/2013 159 0.10662 0.041479573
1/30/2013 1040 0.29825 0.758948424
1/31/2013 1020 0.2927 0.730501927
2/1/2013 661 0.19805 0.320313157
2/2/2013 318 0.12684 0.098691972
2/3/2013 194 0.10966 0.052053321
2/4/2013 168 0.10771 0.044275531
2/5/2013 126 0.10718 0.033043251
2/6/2013 122 0.10752 0.032095752
2/7/2013 102 0.1099 0.027428139
2/8/2013 98.1 0.11078 0.026590643
2/9/2013 74.5 0.11885 0.021664762
2/10/2013 94.1 0.112 0.025787315
2/11/2013 134 0.10784 0.03535763
2/12/2013 270 0.12078 0.079791616
2/13/2013 291 0.12428 0.088489696
2/14/2013 291 0.1245 0.088646341
2/15/2013 325 0.13047 0.103751049
2/16/2013 313 0.12864 0.098518738
2/17/2013 223 0.1153 0.062911877
2/18/2013 126 0.10947 0.033749251
2/19/2013 241 0.11814 0.069664653
2/20/2013 395 0.14487 0.140014827
2/21/2013 250 0.11992 0.073355064
2/22/2013 175 0.11158 0.04777744
2/23/2013 131 0.11048 0.035412243
2/24/2013 127 0.11088 0.03445525
2/25/2013 123 0.11135 0.033511495
2/26/2013 119 0.11189 0.032578922
2/27/2013 929 0.27994 0.636325231
2/28/2013 1120 0.33895 0.928864003
3/1/2013 849 0.25854 0.537073726
3/2/2013 476 0.1655 0.19275401
3/3/2013 271 0.12618 0.083667788
3/4/2013 179.3 0.11482 0.050372825
3/5/2013 162 0.11393 0.045159756
3/6/2013 141 0.11361 0.039195314
3/7/2013 175 0.11545 0.049434536
3/8/2013 218 0.12029 0.064162975
3/9/2013 234 0.1228 0.070309287
3/10/2013 211 0.12016 0.06203558
3/11/2013 215 0.12103 0.063669284
3/12/2013 199 0.11952 0.058195866
3/13/2013 185 0.11848 0.05363092
3/14/2013 161 0.11707 0.046117947
3/15/2013 143 0.11685 0.040884927
3/16/2013 127 0.11748 0.036506158
3/17/2013 116 0.11865 0.033676287
3/18/2013 102 0.12101 0.030200901
3/19/2013 101 0.12163 0.030058033
3/20/2013 105 0.12132 0.031168806
3/21/2013 100 0.12269 0.030019789
3/22/2013 97 0.12379 0.029380269
3/23/2013 99.3 0.12371 0.030057477
3/24/2013 108 0.12258 0.032392304
3/25/2013 111 0.12261 0.033300238
3/26/2013 109 0.12333 0.032892259
3/27/2013 97.5 0.12595 0.03004701
3/28/2013 103 0.12525 0.031565555
3/29/2013 95.8 0.12731 0.029841902
3/30/2013 94.2 0.12822 0.029553243
3/31/2013 88 0.13063 0.028127043
4/1/2013 82.2 0.13341 0.026832348
4/2/2013 92.83 0.13009 0.02954818
4/3/2013 75.1 0.13805 0.025367334
4/4/2013 75 0.13864 0.025441826
4/5/2013 77.7 0.13769 0.026177122
4/6/2013 65.7 0.14636 0.023528067
4/7/2013 71.8 0.14231 0.025001055
4/8/2013 65.3 0.14787 0.023626083
4/9/2013 80.1 0.13865 0.02717383
4/10/2013 305 0.15062 0.11240379
4/11/2013 714 0.25615 0.447497943
4/12/2013 1083 0.38017 1.007406552
4/13/2013 1160 0.41015 1.164123823
4/14/2013 546 0.21104 0.281939479
4/15/2013 292 0.15107 0.107934318
4/16/2013 188 0.13486 0.062035384
4/17/2013 158 0.13287 0.051366798
4/18/2013 139 0.13288 0.045193179
4/19/2013 131 0.13355 0.042806888
4/20/2013 115 0.13525 0.038056916
4/21/2013 115 0.1358 0.038211676
4/22/2013 109 0.13717 0.036583404
4/23/2013 115 0.1369 0.038521196
4/24/2013 96.1 0.14108 0.033173196
4/25/2013 154 0.13703 0.051633891
4/26/2013 146 0.13731 0.049051636
4/27/2013 139 0.13779 0.046863096
4/28/2013 142 0.13836 0.048072573
4/29/2013 144 0.13894 0.048954008
4/30/2013 150 0.13964 0.051250673
5/1/2013 148 0.14014 0.050748394
5/2/2013 139 0.14057 0.047808588
5/3/2013 138 0.14113 0.04765373
5/4/2013 140 0.14168 0.048532767
5/5/2013 134 0.1423 0.046656072
5/6/2013 137.7 0.14277 0.048102691
5/7/2013 134 0.14341 0.047020009
5/8/2013 132 0.14402 0.046515234
5/9/2013 140 0.14446 0.049485062
5/10/2013 136 0.14503 0.048260879
5/11/2013 138 0.14556 0.049149557
5/12/2013 135 0.14615 0.048275976
5/13/2013 134 0.14672 0.048105262
5/14/2013 139 0.1472 0.050063485
5/15/2013 132 0.14786 0.047755468
5/16/2013 130 0.14848 0.047229112
5/17/2013 131 0.14898 0.047752679
5/18/2013 121 0.15015 0.044453829
5/19/2013 122 0.1506 0.044955546
5/20/2013 118 0.15152 0.043747218
5/21/2013 100 0.15534 0.038008591
5/22/2013 124 0.15202 0.046123354
5/23/2013 123 0.15262 0.045931966
5/24/2013 125 0.15299 0.046791992
5/25/2013 132 0.15313 0.04945756
5/26/2013 115 0.15502 0.043619838
5/27/2013 118 0.15515 0.04479528
5/28/2013 123 0.15516 0.046696395
5/29/2013 292 0.17828 0.127374927
5/30/2013 261 0.17192 0.109790656
5/31/2013 162 0.15684 0.06216849
6/1/2013 131 0.15661 0.050198329
6/2/2013 557 0.25661 0.349725455
6/3/2013 489 0.23566 0.281963702
6/4/2013 342 0.19398 0.16232355
6/5/2013 181 0.16102 0.071311056
6/6/2013 187 0.16221 0.074219445
6/7/2013 363 0.20123 0.178730152
6/8/2013 272 0.17887 0.11904328
6/9/2013 192 0.1642 0.077138796
6/10/2013 161 0.16124 0.063518047
6/11/2013 301 0.18712 0.13781141
6/12/2013 232 0.17223 0.097767668
6/13/2013 336 0.19701 0.161966807
6/14/2013 439 0.22694 0.243766512
6/15/2013 281 0.18408 0.126564351
6/16/2013 179 0.16531 0.072402011
6/17/2013 145.3 0.1632 0.058020871
6/18/2013 123 0.16415 0.049401993
6/19/2013 114 0.16557 0.046183301
6/20/2013 115 0.16576 0.04664188
6/21/2013 116 0.16594 0.047098551
6/22/2013 115 0.1664 0.046821965
6/23/2013 118 0.1663 0.048014535
6/24/2013 110 0.16784 0.0451738
6/25/2013 108 0.16853 0.044534794
6/26/2013 107 0.16902 0.044250721
6/27/2013 107 0.16929 0.044321409
6/28/2013 173 0.16835 0.071261949
6/29/2013 652 0.30643 0.488851946
6/30/2013 458 0.23969 0.268604859
7/1/2013 324 0.20037 0.158845962
7/2/2013 176.3 0.16965 0.073182063
7/3/2013 146 0.16759 0.059868645
7/4/2013 136 0.16775 0.055821295
7/5/2013 139 0.16789 0.057100262
7/6/2013 134 0.16813 0.055124985
7/7/2013 133 0.16832 0.054775435
7/8/2013 120 0.16939 0.049735614
7/9/2013 112 0.17066 0.046767939
7/10/2013 98.6 0.17403 0.041985517
7/11/2013 113 0.17073 0.047204865
7/12/2013 101 0.17352 0.042881442
7/13/2013 101 0.17361 0.042903684
7/14/2013 97.8 0.17468 0.041800407
7/15/2013 102.9 0.17318 0.043602519
7/16/2013 102 0.17352 0.043306011
7/17/2013 89.6 0.17803 0.039030101
7/18/2013 102 0.17359 0.043323481
7/19/2013 99.3 0.1744 0.042373487
7/20/2013 310 0.199 0.150943092
7/21/2013 222 0.17862 0.097024526
7/22/2013 239 0.182 0.106430906
7/23/2013 166 0.17034 0.069186793
7/24/2013 145 0.16909 0.059990765
7/25/2013 115 0.17071 0.048034721
7/26/2013 109 0.1717 0.045792596
7/27/2013 102 0.1733 0.043251105
7/28/2013 109 0.17154 0.045749924
7/29/2013 103 0.17284 0.043559206
7/30/2013 101 0.17327 0.042819661
7/31/2013 98.8 0.17381 0.042017497
8/1/2013 108 0.17126 0.045256209
8/2/2013 115 0.16984 0.047789919
8/3/2013 127 0.16839 0.052326115
8/4/2013 118 0.16909 0.048820071
8/5/2013 71 0.18877 0.032793653
8/6/2013 102 0.17185 0.042889223
8/7/2013 96 0.17352 0.040758599
8/8/2013 115 0.16871 0.047471957
8/9/2013 126 0.16727 0.051568806
8/10/2013 122 0.16738 0.049964537
8/11/2013 117 0.16772 0.048014144
8/12/2013 108 0.16899 0.044656351
8/13/2013 106 0.16916 0.043873473
8/14/2013 107 0.16866 0.04415647
8/15/2013 97.8 0.17084 0.040881506
8/16/2013 98.3 0.17038 0.040979873
8/17/2013 96 0.17082 0.040124388
8/18/2013 93.4 0.17144 0.039179375
8/19/2013 93.2 0.17118 0.039036188
8/20/2013 108.4 0.1665 0.044161314
8/21/2013 93.4 0.1704 0.038941703
8/22/2013 93.1 0.17015 0.038759673
8/23/2013 101 0.16716 0.041309716
8/24/2013 95.3 0.16858 0.039309491
8/25/2013 89.1 0.17065 0.037203386
8/26/2013 93.1 0.16859 0.03840431
8/27/2013 114 0.16285 0.045424597
8/28/2013 104 0.1644 0.041834408
8/29/2013 104 0.16398 0.041727531
8/30/2013 100 0.16461 0.040276775
8/31/2013 96.1 0.16538 0.038887036
9/1/2013 95.6 0.1651 0.038619215
9/2/2013 97.2 0.16412 0.039032489
9/3/2013 94 0.16475 0.037892368
9/4/2013 95.2 0.16385 0.038166459
9/5/2013 96 0.16311 0.038313365
9/6/2013 92 0.16406 0.036930825
9/7/2013 94.9 0.16251 0.037735037
9/8/2013 98.5 0.16086 0.038768836
9/9/2013 94.4 0.16169 0.03734682
9/10/2013 97.1 0.16028 0.038080008
9/11/2013 108 0.15704 0.041498511
9/12/2013 88.1 0.16261 0.035052712
9/13/2013 102 0.15736 0.039272902
9/14/2013 93.4 0.15945 0.036439287
9/15/2013 95.1 0.15832 0.036839588
9/16/2013 93.7 0.15827 0.036285797
9/17/2013 101.5 0.15542 0.038598588
9/18/2013 92.4 0.15765 0.035642193
9/19/2013 94 0.15653 0.036001775
9/20/2013 98 0.15471 0.037097354
9/21/2013 169 0.15044 0.062208324
9/22/2013 256 0.16306 0.102137653
9/23/2013 173 0.14971 0.063371704
9/24/2013 162 0.14828 0.058775464
9/25/2013 121 0.1478 0.043758082
9/26/2013 103 0.15008 0.037823222
9/27/2013 99 0.15052 0.036460941
9/28/2013 94.3 0.15136 0.034923783
9/29/2013 91.2 0.15187 0.033889511
9/30/2013 89.8 0.15182 0.033358291
10/1/2013 88.5 0.15175 0.032860218
10/2/2013 87.6 0.15154 0.032481035
10/3/2013 87.6 0.15095 0.032354575
10/4/2013 107 0.14473 0.037891414
10/5/2013 119 0.14245 0.041477053
10/6/2013 161 0.14157 0.05576935
10/7/2013 223 0.1483 0.080917878
10/8/2013 214 0.14633 0.076620612
10/9/2013 177 0.14116 0.061134081
10/10/2013 145 0.13871 0.049212366
10/11/2013 115 0.13954 0.039264044
10/12/2013 103 0.14101 0.035537397
10/13/2013 97.4 0.14181 0.033795921
10/14/2013 106 0.13927 0.036121179
10/15/2013 108 0.13835 0.036559596
10/16/2013 102 0.13897 0.034683243
10/17/2013 120 0.13568 0.039837819
10/18/2013 157 0.13472 0.051752365
10/19/2013 150 0.13389 0.049140308
10/20/2013 162 0.13391 0.05307946
10/21/2013 138 0.13268 0.044800517
10/22/2013 145 0.13217 0.046892066
10/23/2013 159 0.13213 0.051404014
10/24/2013 152 0.13129 0.048828537
10/25/2013 134 0.13062 0.042826536
10/26/2013 126 0.13041 0.040204986
10/27/2013 155 0.12983 0.049238547
10/28/2013 157 0.12941 0.049712541
10/29/2013 148 0.12857 0.046558591
10/30/2013 125 0.12841 0.039274199
10/31/2013 126 0.12784 0.039412663
11/1/2013 291 0.14564 0.103698418
11/2/2013 309 0.14852 0.112290209
11/3/2013 284 0.14321 0.099515369
11/4/2013 176 0.12715 0.054755469
11/5/2013 159 0.1255 0.048824671
11/6/2013 139 0.12451 0.042346498
11/7/2013 153 0.12427 0.046521767
11/8/2013 167 0.12453 0.050884901
11/9/2013 166 0.124 0.050364931
11/10/2013 155 0.12295 0.046629279
11/11/2013 147 0.12224 0.043967234
11/12/2013 195 0.12518 0.059726633
11/13/2013 187 0.12389 0.056686068
11/14/2013 173 0.12221 0.051731053
11/15/2013 145 0.12043 0.042726878
11/16/2013 129 0.12018 0.037933279
11/17/2013 122 0.12013 0.035859958
11/18/2013 152 0.11931 0.044373012
11/19/2013 158 0.11913 0.046054991
11/20/2013 139 0.11829 0.040231044
11/21/2013 118 0.11879 0.034297334
11/22/2013 121 0.11814 0.034976859
11/23/2013 161 0.11767 0.046354308
11/24/2013 153 0.11694 0.043777705
11/25/2013 130 0.1165 0.037056786
11/26/2013 107 0.11814 0.03092995
11/27/2013 110 0.11734 0.031581826
11/28/2013 125 0.11561 0.035359319
11/29/2013 139 0.11486 0.039064483
11/30/2013 112 0.116 0.031788826
12/1/2013 127 0.11445 0.035564605
12/2/2013 141 0.11383 0.039271213
12/3/2013 173 0.11481 0.04859866
12/4/2013 172 0.11441 0.048149403
12/5/2013 201 0.11671 0.057398772
12/6/2013 199 0.11618 0.056569576
12/7/2013 196 0.11555 0.055414637
12/8/2013 165 0.11272 0.045507544
12/9/2013 125 0.11202 0.034261317
12/10/2013 111 0.11292 0.030668485
12/11/2013 89.2 0.11704 0.025544514
12/12/2013 91.5 0.11609 0.025990485
12/13/2013 97.2 0.1144 0.027207633
12/14/2013 89.8 0.11602 0.025492221
12/15/2013 77.3 0.12045 0.022781629
12/16/2013 103 0.11249 0.028349775
12/17/2013 86.2 0.11637 0.024544081
12/18/2013 116 0.11033 0.031314832
12/19/2013 122 0.10964 0.032728593
12/20/2013 126 0.1092 0.033666011
12/21/2013 317 0.12912 0.100150069
12/22/2013 1360 0.40666 1.353221336
12/23/2013 1850 0.59075 2.674077135
12/24/2013 1050 0.30607 0.78633668
12/25/2013 495 0.16279 0.197165713
12/26/2013 327 0.12973 0.10379744
12/27/2013 245 0.11664 0.069921714
12/28/2013 218 0.113 0.060274471
12/29/2013 263 0.11887 0.076493844
12/30/2013 289 0.12269 0.086757191
12/31/2013 205 0.11109 0.055722077
1/1/2014 133 0.10692 0.034794377
1/2/2014 140 0.10673 0.036560575
1/3/2014 95.2 0.11073 0.025792932
1/4/2014 129 0.10668 0.033672176
1/5/2014 141 0.10641 0.036711322
1/6/2014 222 0.11233 0.061016488
1/7/2014 233 0.1136 0.06476386
1/8/2014 202 0.10991 0.054323413
1/9/2014 171 0.10719 0.044848596
1/10/2014 144 0.10603 0.037358525
1/11/2014 154 0.10621 0.040020693
1/12/2014 440 0.14858 0.159960039
1/13/2014 357 0.13277 0.115975604
1/14/2014 537 0.16866 0.221607704
1/15/2014 416 0.14372 0.146288104
1/16/2014 301 0.12309 0.09065416
1/17/2014 214 0.11082 0.058027036
1/18/2014 163 0.1064 0.042435342
1/19/2014 128 0.10596 0.033185655
1/20/2014 127 0.10601 0.032941929
1/21/2014 116 0.10672 0.03029021
1/22/2014 108 0.10761 0.028436416
1/23/2014 106 0.10792 0.027990218
1/24/2014 110 0.10743 0.02891457
1/25/2014 114 0.10704 0.029857224
1/26/2014 106 0.10805 0.028023934
1/27/2014 118 0.1068 0.030835552
1/28/2014 97.2 0.10972 0.026094593
1/29/2014 113 0.10739 0.029692089
1/30/2014 113 0.10748 0.029716973
1/31/2014 98.5 0.10971 0.026441185
2/1/2014 97.9 0.10993 0.026332821
2/2/2014 164 0.10725 0.043036765
2/3/2014 191 0.10937 0.051112845
2/4/2014 178 0.1084 0.047211495
2/5/2014 171 0.10803 0.045200054
2/6/2014 154 0.10729 0.040427644
2/7/2014 138 0.10717 0.036186851
2/8/2014 128 0.10752 0.033674232
2/9/2014 131 0.10758 0.034482703
2/10/2014 113 0.10887 0.030101292
2/11/2014 112 0.10914 0.0299089
2/12/2014 113 0.10921 0.030195298
2/13/2014 115 0.1092 0.030726914
2/14/2014 107 0.11032 0.028882614
2/15/2014 109 0.11025 0.029403807
2/16/2014 108 0.11059 0.029223894
2/17/2014 105 0.11124 0.028579113
2/18/2014 105 0.11146 0.028635634
2/19/2014 107 0.11139 0.029162749
2/20/2014 130 0.10977 0.034916081
2/21/2014 375 0.1413 0.129649815
2/22/2014 842 0.25216 0.519501444
2/23/2014 878 0.26273 0.564420337
2/24/2014 593 0.18948 0.274926461
2/25/2014 403 0.14814 0.146074988
2/26/2014 293 0.1281 0.091836478
2/27/2014 239 0.12008 0.070221007
2/28/2014 189 0.11442 0.05291298
3/1/2014 152 0.11224 0.041743582
3/2/2014 129 0.11251 0.035512341
3/3/2014 127 0.1129 0.035082952
3/4/2014 127 0.11321 0.035179283
3/5/2014 120 0.11394 0.033454607
3/6/2014 114 0.11479 0.032018972
3/7/2014 120 0.1146 0.033648394
3/8/2014 113 0.11558 0.031956529
3/9/2014 110 0.11629 0.031299221
3/10/2014 120 0.11565 0.03395669
3/11/2014 252 0.1262 0.077814112
3/12/2014 469 0.1689 0.19382106
3/13/2014 317 0.13807 0.107092007
3/14/2014 305 0.13632 0.101732072
3/15/2014 642 0.21261 0.333977483
3/16/2014 662 0.21854 0.353987071
3/17/2014 451 0.16763 0.184980845
3/18/2014 298 0.13689 0.099812851
3/19/2014 294 0.13665 0.098300435
3/20/2014 550 0.19281 0.259472129
3/21/2014 447 0.16906 0.184904236
3/22/2014 385 0.15604 0.146992489
3/23/2014 312 0.14192 0.108341955
3/24/2014 231 0.1287 0.07274263
3/25/2014 174 0.12251 0.052157799
3/26/2014 151 0.12162 0.044934552
3/27/2014 131 0.122 0.039104758
3/28/2014 186 0.12497 0.056874447
3/29/2014 295 0.14188 0.102409835
3/30/2014 285 0.14057 0.098024803
3/31/2014 385 0.16133 0.151975764
4/1/2014 426 0.17118 0.178427213
4/2/2014 417 0.16977 0.173218979
4/3/2014 321 0.14968 0.117562085
4/4/2014 279 0.1422 0.097073854
4/5/2014 467 0.18366 0.209860127
4/6/2014 357 0.15897 0.138861503
4/7/2014 268 0.14189 0.093043289
4/8/2014 1000 0.34475 0.8435343
4/9/2014 913 0.31665 0.707373428
4/10/2014 451 0.18337 0.202350042
4/11/2014 315 0.15324 0.118108504
4/12/2014 251 0.14175 0.087055309
4/13/2014 218 0.13707 0.073113467
4/14/2014 193 0.13434 0.063439701
4/15/2014 337 0.16038 0.132244793
4/16/2014 381 0.17091 0.159327566
4/17/2014 270 0.14806 0.097813766
4/18/2014 193 0.13652 0.064469167
4/19/2014 146 0.13349 0.047687006
4/20/2014 121 0.13466 0.039867817
4/21/2014 112 0.13618 0.037318985
4/22/2014 147 0.13514 0.048607101
4/23/2014 211 0.14169 0.073150976
4/24/2014 214 0.1427 0.074719889
4/25/2014 170 0.13807 0.057431045
4/26/2014 171 0.13871 0.058036652
4/27/2014 165 0.13879 0.056032576
4/28/2014 144 0.13838 0.048756698
4/29/2014 176 0.14084 0.060650887
4/30/2014 464 0.20218 0.229538027
5/1/2014 621 0.24827 0.377237029
5/2/2014 391 0.18473 0.176730969
5/3/2014 250 0.15402 0.094214034
5/4/2014 173 0.14337 0.060688005
5/5/2014 158 0.1428 0.05520568
5/6/2014 137 0.14281 0.047871569
5/7/2014 127 0.14368 0.04464764
5/8/2014 122 0.14458 0.043158518
5/9/2014 123 0.14506 0.043656735
5/10/2014 127 0.14534 0.045163475
5/11/2014 119 0.14652 0.042662111
5/12/2014 112 0.14795 0.040544455
5/13/2014 124 0.14719 0.044657917
5/14/2014 142 0.14721 0.051147467
5/15/2014 232 0.15787 0.089616105
5/16/2014 401 0.19748 0.19376082
5/17/2014 415 0.20198 0.205094936
5/18/2014 298 0.17317 0.126266282
5/19/2014 176 0.15196 0.065439568
5/20/2014 145 0.15047 0.053384649
5/21/2014 139 0.15095 0.05133888
5/22/2014 135 0.15151 0.05004648
5/23/2014 128 0.15228 0.047692634
5/24/2014 123 0.15314 0.046088463
5/25/2014 118 0.15414 0.044503671
5/26/2014 115 0.15502 0.043619838
5/27/2014 109 0.15648 0.041733404
5/28/2014 103 0.15825 0.039882228
5/29/2014 116 0.15639 0.044387986
5/30/2014 122 0.15623 0.046636155
5/31/2014 99.7 0.16061 0.039180161
6/1/2014 98.7 0.16138 0.038973134
6/2/2014 98.6 0.1619 0.0390591
6/3/2014 136 0.1574 0.05237718
6/4/2014 134 0.1579 0.051770862
6/5/2014 131 0.15845 0.050788105
6/6/2014 141 0.15872 0.05475821
6/7/2014 135 0.15921 0.052589929
6/8/2014 135 0.15964 0.052731966
6/9/2014 153 0.16034 0.060024947
6/10/2014 139 0.16043 0.054563077
6/11/2014 136 0.16087 0.053531873
6/12/2014 137 0.16125 0.054052871
6/13/2014 144 0.16166 0.056959155
6/14/2014 135 0.16206 0.053531335
6/15/2014 132 0.16252 0.05249032
6/16/2014 131 0.16293 0.052224083
6/17/2014 127 0.1635 0.050806579
6/18/2014 284 0.18599 0.129242814
6/19/2014 203 0.16974 0.084309926
6/20/2014 152 0.16441 0.061146315
6/21/2014 138 0.16445 0.055527924
6/22/2014 132 0.1649 0.053259006
6/23/2014 129 0.16534 0.052187455
6/24/2014 130 0.16558 0.052668349
6/25/2014 194 0.17024 0.080809387
6/26/2014 187 0.16953 0.077568723
6/27/2014 169 0.16769 0.069341358
6/28/2014 136 0.16646 0.055392029
6/29/2014 128 0.16701 0.052305929
6/30/2014 126 0.16737 0.051599635
7/1/2014 120 0.16814 0.049368594
7/2/2014 127 0.16773 0.052121024
7/3/2014 123 0.16825 0.050635914
7/4/2014 124 0.16835 0.051077929
7/5/2014 121 0.16881 0.049978361
7/6/2014 121 0.16898 0.050028692
7/7/2014 153 0.16854 0.063094702
7/8/2014 155 0.16879 0.064014283
7/9/2014 149 0.16864 0.061481624
7/10/2014 134 0.16868 0.055305314
7/11/2014 126 0.1692 0.052163819
7/12/2014 124 0.16945 0.051411672
7/13/2014 126 0.16938 0.052219312
7/14/2014 124 0.16961 0.051460217
7/15/2014 129 0.16932 0.053443691
7/16/2014 125 0.16964 0.051884394
7/17/2014 123 0.16986 0.051120454
7/18/2014 119 0.17031 0.049589026
7/19/2014 122 0.16999 0.050743647
7/20/2014 142 0.16916 0.058773898
7/21/2014 130 0.16939 0.053880249
7/22/2014 123 0.16987 0.051123464
7/23/2014 103 0.17328 0.043670095
7/24/2014 96.9 0.17509 0.04151295
7/25/2014 96.1 0.17531 0.041221952
7/26/2014 71.4 0.18984 0.033165337
7/27/2014 81.6 0.18204 0.036345903
7/28/2014 138 0.16876 0.056983232
7/29/2014 159 0.16933 0.065876346
7/30/2014 136 0.16858 0.05609749
7/31/2014 208 0.17529 0.089211111
8/1/2014 155 0.1687 0.06398015
8/2/2014 135 0.16819 0.055556184
8/3/2014 112 0.17017 0.046633659
8/4/2014 104 0.17171 0.043694563
8/5/2014 103 0.17178 0.043292064
8/6/2014 98.6 0.17286 0.041703249
8/7/2014 95.5 0.1737 0.040588375
8/8/2014 92.8 0.1745 0.0396225
8/9/2014 92.8 0.17426 0.039568005
8/10/2014 90.3 0.17506 0.038678814
8/11/2014 90.7 0.17464 0.03875694
8/12/2014 103 0.17017 0.042886311
8/13/2014 84.3 0.1772 0.036550201
8/14/2014 98.1 0.17104 0.041054916
8/15/2014 88.4 0.17453 0.037750336
8/16/2014 88.3 0.17426 0.037649298
8/17/2014 87.7 0.17422 0.037384887
8/18/2014 88.2 0.17365 0.037475018
8/19/2014 88.4 0.17322 0.037466987
8/20/2014 88.2 0.17296 0.03732611
8/21/2014 88.7 0.17237 0.037409661
8/22/2014 87.4 0.1726 0.036910565
8/23/2014 94.2 0.16936 0.039035543
8/24/2014 123 0.16293 0.049034826
8/25/2014 128 0.16217 0.050790087
8/26/2014 121 0.16235 0.048065796
8/27/2014 91.3 0.16889 0.037728817
8/28/2014 88 0.1699 0.036582596
8/29/2014 88.1 0.16942 0.036520697
8/30/2014 88.1 0.16898 0.036425849
8/31/2014 88.6 0.1683 0.036485165
9/1/2014 77 0.17437 0.032851936
9/2/2014 102 0.16273 0.040613112
9/3/2014 104 0.16177 0.041165159
9/4/2014 91.6 0.16518 0.037021278
9/5/2014 90.2 0.16527 0.036475314
9/6/2014 118 0.15792 0.045595041
9/7/2014 96.3 0.16204 0.038180973
9/8/2014 90.2 0.16379 0.036148676
9/9/2014 89.1 0.16374 0.035696938
9/10/2014 92.1 0.16201 0.036508999
9/11/2014 89.2 0.16266 0.035501287
9/12/2014 84.7 0.16421 0.034031531
9/13/2014 87.9 0.16217 0.034878505
9/14/2014 89.7 0.16087 0.035307419
9/15/2014 86.7 0.16163 0.034287794
9/16/2014 87.7 0.16064 0.034470832
9/17/2014 80.1 0.16397 0.032136264
9/18/2014 69.4 0.17116 0.029064324
9/19/2014 78.2 0.16399 0.031377807
9/20/2014 85.2 0.15956 0.033263052
9/21/2014 87.5 0.15794 0.033814164
9/22/2014 85.4 0.15833 0.033084117
9/23/2014 83.5 0.15868 0.032419562
9/24/2014 83 0.15835 0.032158415
9/25/2014 82.4 0.15808 0.031871508
9/26/2014 82 0.15771 0.031642556
9/27/2014 81.9 0.15717 0.031495755
9/28/2014 80.8 0.15717 0.031072735
9/29/2014 80.3 0.15685 0.030817581
9/30/2014 79.1 0.15694 0.030374463
10/1/2014 79.2 0.15628 0.030284964
10/2/2014 83.3 0.15349 0.031284092
10/3/2014 82.4 0.15335 0.030917863
10/4/2014 90.8 0.14911 0.033127685
10/5/2014 85.4 0.15072 0.031493957
10/6/2014 84.5 0.15054 0.031124837
10/7/2014 92.5 0.14676 0.033216044
10/8/2014 89.4 0.1473 0.032220979
10/9/2014 82.1 0.14991 0.030114263
10/10/2014 82 0.14936 0.029967232
10/11/2014 80.2 0.14969 0.029374172
10/12/2014 79.5 0.14947 0.029074994
10/13/2014 78.8 0.14926 0.028778498
10/14/2014 80.9 0.14753 0.029202991
10/15/2014 79.2 0.14784 0.028649405
10/16/2014 78.9 0.14741 0.028457872
10/17/2014 78.8 0.14687 0.028317687
10/18/2014 84.2 0.1436 0.029584552
10/19/2014 73.2 0.14909 0.026702878
10/20/2014 67.7 0.15263 0.025282909
10/21/2014 91.9 0.13893 0.031239928
10/22/2014 81.4 0.14259 0.028399582
10/23/2014 74.9 0.14561 0.026685263
10/24/2014 81.9 0.14121 0.028297484
10/25/2014 81.3 0.14092 0.028032488
10/26/2014 79.1 0.14147 0.02738037
10/27/2014 79.8 0.14054 0.027441087
10/28/2014 80.1 0.13982 0.027403137
10/29/2014 83.9 0.1375 0.028226897
10/30/2014 80.6 0.13846 0.027305985
10/31/2014 85.1 0.13591 0.028299544
11/1/2014 90.8 0.13329 0.029612965
11/2/2014 76.4 0.13902 0.025987776
11/3/2014 78.5 0.13734 0.026379416
11/4/2014 84.2 0.13416 0.027639718
11/5/2014 75.5 0.13792 0.025478431
11/6/2014 81.7 0.1342 0.026827058
11/7/2014 90.8 0.13021 0.028928683
11/8/2014 98.8 0.12752 0.030827174
11/9/2014 79.9 0.13351 0.026101114
11/10/2014 80.7 0.13263 0.02618869
11/11/2014 80.1 0.13241 0.025950861
11/12/2014 77 0.13347 0.025146228
11/13/2014 79.3 0.13181 0.025575258
11/14/2014 74.8 0.1337 0.02446986
11/15/2014 72.5 0.13459 0.023875324
11/16/2014 81.8 0.12924 0.025867159
11/17/2014 85.8 0.12717 0.02669749
11/18/2014 83.8 0.12749 0.026140784
11/19/2014 71.1 0.13357 0.023236836
11/20/2014 65.5 0.13717 0.021983605
11/21/2014 66.1 0.13622 0.022031335
11/22/2014 86.4 0.12476 0.026374703
11/23/2014 104 0.1198 0.030485171
11/24/2014 117 0.11769 0.033691775
11/25/2014 184 0.11857 0.053381542
11/26/2014 205 0.12035 0.060366838
11/27/2014 250 0.12601 0.077080317
11/28/2014 255 0.12637 0.07884654
11/29/2014 219 0.12092 0.064794885
11/30/2014 188 0.11709 0.053861213
12/1/2014 156 0.11451 0.043708559
12/2/2014 125 0.11421 0.034931129
12/3/2014 116 0.11455 0.032512589
12/4/2014 106 0.11546 0.029945798
12/5/2014 103 0.11563 0.029141119
12/6/2014 99.5 0.11598 0.028236096
12/7/2014 98.2 0.11594 0.027857572
12/8/2014 95.9 0.11614 0.027252033
12/9/2014 98.5 0.11526 0.02777879
12/10/2014 106 0.11361 0.02946598
12/11/2014 102 0.11399 0.028448895
12/12/2014 110 0.11249 0.030276459
12/13/2014 103 0.11326 0.028543831
12/14/2014 112 0.11172 0.030615928
12/15/2014 123 0.11052 0.033261701
12/16/2014 153 0.11002 0.041187131
12/17/2014 210 0.11431 0.058735679
12/18/2014 214 0.11453 0.059969649
12/19/2014 167 0.10999 0.04494363
12/20/2014 136 0.10892 0.036244742
12/21/2014 131 0.10881 0.034876956
12/22/2014 122 0.10901 0.032540531
12/23/2014 117 0.10918 0.03125557
12/24/2014 116 0.10908 0.030960046
12/25/2014 117 0.10881 0.031149648
12/26/2014 120 0.1084 0.031827974
12/27/2014 119 0.10831 0.031536536
12/28/2014 121 0.108 0.031974782
12/29/2014 115 0.10833 0.030482112
12/30/2014 121 0.1077 0.031885964
12/31/2014 108 0.10884 0.028761449
1/1/2015 104 0.10929 0.02781072
1/2/2015 107 0.10871 0.028461104
1/3/2015 100 0.10973 0.026848736
1/4/2015 268 0.11878 0.077889082
1/5/2015 435 0.14825 0.157791074
1/6/2015 244 0.11515 0.068746761
1/7/2015 202 0.10999 0.054362953
1/8/2015 150 0.10628 0.039006886
1/9/2015 119 0.10678 0.031091047
1/10/2015 96.9 0.10972 0.026014055
1/11/2015 121 0.10652 0.031536609
1/12/2015 113 0.10713 0.029620202
1/13/2015 97.1 0.10952 0.02602023
1/14/2015 87.4 0.11196 0.023942682
1/15/2015 107 0.10774 0.028207151
1/16/2015 98.4 0.10916 0.02628192
1/17/2015 96 0.10965 0.025755996
1/18/2015 96.6 0.10951 0.02588388
1/19/2015 100 0.10883 0.026628524
1/20/2015 97.9 0.10924 0.026167537
1/21/2015 92.9 0.11039 0.025092499
1/22/2015 102 0.10852 0.027083727
1/23/2015 94.1 0.11015 0.025361363
1/24/2015 91.5 0.11083 0.024812864
1/25/2015 92.8 0.11054 0.025099548
1/26/2015 82.8 0.11364 0.0230229
1/27/2015 92.9 0.11064 0.025149326
1/28/2015 76.6 0.11634 0.021805011
1/29/2015 89.9 0.11157 0.024541754
1/30/2015 85.1 0.11313 0.023556232
1/31/2015 83.1 0.11393 0.023165282
2/1/2015 87.4 0.11259 0.024077408
2/2/2015 71.8 0.11928 0.020955139
2/3/2015 85.2 0.11352 0.023665215
2/4/2015 90.3 0.11208 0.024763632
2/5/2015 83.1 0.11451 0.023283213
2/6/2015 81.1 0.11541 0.022901439
2/7/2015 89.2 0.11281 0.024621297
2/8/2015 83.9 0.11467 0.023540205
2/9/2015 78.1 0.11714 0.022384878
2/10/2015 88.7 0.11344 0.024620015
2/11/2015 82.8 0.11558 0.023415935
2/12/2015 86.3 0.11455 0.024188245
2/13/2015 76.4 0.11867 0.022183638
2/14/2015 87.8 0.11447 0.02459148
2/15/2015 72.7 0.121 0.021523766
2/16/2015 82.5 0.11671 0.023559197
2/17/2015 84.9 0.11606 0.024109529
2/18/2015 87.7 0.11537 0.024756598
2/19/2015 84 0.11685 0.024016321
2/20/2015 78.8 0.11918 0.022978838
2/21/2015 82.3 0.11799 0.02375984
2/22/2015 84.5 0.11744 0.02428126
2/23/2015 80.3 0.11933 0.023445725
2/24/2015 77.4 0.1209 0.022896322
2/25/2015 88.1 0.11706 0.025233814
2/26/2015 82.3 0.11938 0.024039746
2/27/2015 80.1 0.12058 0.023632315
2/28/2015 79.1 0.12132 0.023480501
3/1/2015 83 0.12003 0.024376221
3/2/2015 82.2 0.12067 0.02426999
3/3/2015 80.7 0.12161 0.024012717
3/4/2015 85.3 0.12017 0.025080926
3/5/2015 85.8 0.12033 0.025261531
3/6/2015 79.1 0.12334 0.023871455
3/7/2015 86.1 0.12093 0.02547626
3/8/2015 85 0.12168 0.025306763
3/9/2015 86.3 0.12159 0.025674803
3/10/2015 95.9 0.11919 0.027967709
3/11/2015 115 0.11644 0.03276412
3/12/2015 154 0.11599 0.043705867
3/13/2015 180 0.11803 0.051983245
3/14/2015 238 0.12533 0.072984472
3/15/2015 376 0.15048 0.138441118
3/16/2015 464 0.16999 0.192992231
3/17/2015 799 0.25696 0.502355053
3/18/2015 885 0.28312 0.613073144
3/19/2015 695 0.22965 0.390525796
3/20/2015 510 0.1831 0.228484631
3/21/2015 488 0.17852 0.213159735
3/22/2015 458 0.17217 0.192939625
3/23/2015 357 0.15078 0.131707476
3/24/2015 253 0.13206 0.081750475
3/25/2015 204 0.12557 0.062677914
3/26/2015 278 0.13725 0.093358877
3/27/2015 423 0.1673 0.173154898
3/28/2015 337 0.14947 0.123248717
3/29/2015 244 0.13309 0.079457285
3/30/2015 208 0.12843 0.065362445
3/31/2015 226 0.13137 0.072644562
4/1/2015 218 0.13074 0.06973703
4/2/2015 205 0.12953 0.064971471
4/3/2015 294 0.14442 0.103889856
4/4/2015 363 0.15901 0.141230837
4/5/2015 332 0.15309 0.124360763
4/6/2015 257 0.13942 0.087671144
4/7/2015 186 0.12988 0.059109011
4/8/2015 267 0.14228 0.092950898
4/9/2015 605 0.22285 0.329887975
4/10/2015 624 0.22905 0.349714273
4/11/2015 488 0.19337 0.230891205
4/12/2015 320 0.15489 0.121275153
4/13/2015 212 0.13622 0.070660256
4/14/2015 166 0.13177 0.053520863
4/15/2015 144 0.13131 0.04626566
4/16/2015 135 0.13184 0.043549125
4/17/2015 132 0.13244 0.042775153
4/18/2015 131 0.13301 0.042633802
4/19/2015 102 0.13682 0.03414666
4/20/2015 191 0.1374 0.064212351
4/21/2015 232 0.14375 0.08160078
4/22/2015 172 0.13657 0.05747543
4/23/2015 135 0.13563 0.04480103
4/24/2015 115 0.13746 0.03867877
4/25/2015 75.6 0.15048 0.027835501
4/26/2015 55.6 0.1703 0.023167966
4/27/2015 49.5 0.18111 0.021935427
4/28/2015 67.9 0.15797 0.026244776
4/29/2015 66.7 0.15965 0.026055129
4/30/2015 74.1 0.15452 0.028015694
5/1/2015 86.1 0.14864 0.031313912
5/2/2015 88.6 0.14821 0.032129924
5/3/2015 86.2 0.14978 0.031590723
5/4/2015 86.7 0.15016 0.031854576
5/5/2015 82.5 0.15268 0.030820137
5/6/2015 81.6 0.15374 0.030695556
5/7/2015 80.7 0.15481 0.030568281
5/8/2015 80.4 0.15557 0.030604154
5/9/2015 80.8 0.15596 0.030833517
5/10/2015 83.4 0.15521 0.031672637
5/11/2015 79.2 0.15805 0.030627966
5/12/2015 130 0.1463 0.046535689
5/13/2015 102 0.15042 0.037540861
5/14/2015 88.4 0.15531 0.033593106
5/15/2015 85.5 0.15715 0.032876
5/16/2015 85.1 0.15791 0.032880443
5/17/2015 83.2 0.15941 0.032451693
5/18/2015 80.1 0.16166 0.03168353
5/19/2015 76.4 0.16453 0.030756501
5/20/2015 72.8 0.16768 0.029868342
5/21/2015 73.5 0.16774 0.030166328
5/22/2015 71.9 0.16957 0.029831589
5/23/2015 69.5 0.17216 0.029276256
5/24/2015 69.1 0.17311 0.029268379
5/25/2015 68.4 0.17433 0.029176064
5/26/2015 68.1 0.17519 0.029191398
5/27/2015 66.8 0.17703 0.028934888
5/28/2015 65.9 0.17852 0.0287853
5/29/2015 63.1 0.18218 0.028127331
5/30/2015 61.4 0.18482 0.027766159
5/31/2015 80.8 0.16844 0.033300831
6/1/2015 165 0.15755 0.063606401
6/2/2015 128 0.15722 0.049239795
6/3/2015 96.2 0.16312 0.038395538
6/4/2015 74.03 0.17504 0.031706151
6/5/2015 58.9 0.19155 0.027605519
6/6/2015 81 0.17132 0.033954048
6/7/2015 84.8 0.1697 0.035210822
6/8/2015 155 0.16002 0.060688225
6/9/2015 182 0.16289 0.072537784
6/10/2015 244 0.17375 0.103732086
6/11/2015 257 0.17693 0.111258467
6/12/2015 220 0.16998 0.091499554
6/13/2015 134 0.1617 0.053016773
6/14/2015 106 0.16524 0.042856779
6/15/2015 137 0.1624 0.054438364
6/16/2015 162 0.16365 0.064867849
6/17/2015 136 0.16314 0.054287249
6/18/2015 107 0.16651 0.043593583
6/19/2015 82.7 0.17583 0.035579264
6/20/2015 73.4 0.1826 0.032794069
6/21/2015 70.7 0.18529 0.032053087
6/22/2015 69 0.18726 0.031614956
6/23/2015 70.1 0.18655 0.031997183
6/24/2015 65.6 0.19152 0.030740891
6/25/2015 63.9 0.19384 0.030306985
6/26/2015 63 0.19528 0.0301021
6/27/2015 85.2 0.17702 0.036902892
6/28/2015 308 0.19536 0.147226109
6/29/2015 272 0.18673 0.124274342
6/30/2015 197 0.17198 0.082897731
7/1/2015 132 0.16726 0.054021233
7/2/2015 95.4 0.17378 0.040564548
7/3/2015 79.6 0.18181 0.035410276
7/4/2015 72.2 0.18767 0.033153587
7/5/2015 66.4 0.19361 0.031455337
7/6/2015 71.6 0.1886 0.033041
7/7/2015 90.3 0.17674 0.039050003
7/8/2015 79.7 0.18266 0.035620519
7/9/2015 77 0.18469 0.034796261
7/10/2015 78.9 0.18347 0.035419346
7/11/2015 72.3 0.18873 0.033387024
7/12/2015 68.1 0.19287 0.032137365
7/13/2015 67.9 0.19318 0.032094485
7/14/2015 67.6 0.19359 0.032020498
7/15/2015 69.5 0.19171 0.032600784
7/16/2015 63.4 0.19861 0.030809797
7/17/2015 63.1 0.19904 0.030730399
7/18/2015 73.5 0.1882 0.03384585
7/19/2015 83.2 0.18139 0.036926244
7/20/2015 72.8 0.18883 0.033635729
7/21/2015 66.1 0.19548 0.031615661
7/22/2015 61.8 0.20079 0.030361906
7/23/2015 60.7 0.20228 0.030042779
7/24/2015 61.3 0.2014 0.030207752
7/25/2015 62 0.20038 0.030397967
7/26/2015 60.1 0.20296 0.029845812
7/27/2015 59.4 0.2039 0.02963481
7/28/2015 59.1 0.20425 0.029535751
7/29/2015 32.4 0.29056 0.023034528
7/30/2015 34.2 0.27929 0.023371144
7/31/2015 26.1 0.34381 0.021956215
8/1/2015 49 0.22312 0.026750571
8/2/2015 64.7 0.19598 0.031025194
8/3/2015 67.1 0.19307 0.031698287
8/4/2015 66.73 0.19328 0.031557785
8/5/2015 94.8 0.17436 0.04044396
8/6/2015 69.3 0.19018 0.032247537
8/7/2015 67.5 0.19179 0.031675845
8/8/2015 64 0.19553 0.030619059
8/9/2015 64.8 0.19431 0.030808363
8/10/2015 70.8 0.18776 0.032526311
8/11/2015 91.8 0.17417 0.039121411
8/12/2015 73.3 0.185 0.033179831
8/13/2015 73.3 0.1847 0.033126026
8/14/2015 72.5 0.18508 0.032831896
8/15/2015 76.7 0.18142 0.034047012
8/16/2015 71 0.18575 0.03226901
8/17/2015 75.8 0.18143 0.033649358
8/18/2015 76.1 0.18086 0.0336764
8/19/2015 74.9 0.18142 0.033247994
8/20/2015 79.2 0.17797 0.034488194
8/21/2015 83.9 0.17477 0.035877925
8/22/2015 72.3 0.18239 0.032265455
8/23/2015 71.3 0.18287 0.031902922
8/24/2015 71 0.18272 0.03174263
8/25/2015 70.2 0.18302 0.031436496
8/26/2015 69.4 0.18333 0.031130886
8/27/2015 70.9 0.18151 0.031488014
8/28/2015 68.1 0.18369 0.030607728
8/29/2015 68.7 0.18264 0.0307009
8/30/2015 67.5 0.18334 0.030280251
8/31/2015 69.2 0.1812 0.030680523
9/1/2015 70.4 0.1796 0.030936948
9/2/2015 69.6 0.17984 0.030626263
9/3/2015 72.1 0.17714 0.031250026
9/4/2015 66.5 0.18186 0.029590841
9/5/2015 66.1 0.18175 0.02939506
9/6/2015 65.2 0.18218 0.029063423
9/7/2015 64.7 0.18218 0.028840544
9/8/2015 58.9 0.18891 0.027225052
9/9/2015 72 0.17408 0.030667604
9/10/2015 63 0.18244 0.028122834
9/11/2015 64.4 0.18026 0.028404275
9/12/2015 120 0.15476 0.045440012
9/13/2015 188 0.15668 0.072072549
9/14/2015 151 0.15298 0.056521031
9/15/2015 125 0.15279 0.046730822
9/16/2015 140 0.15174 0.05197884
9/17/2015 97.2 0.15659 0.037241637
9/18/2015 79.2 0.16394 0.031769369
9/19/2015 75.4 0.16584 0.030595609
9/20/2015 74.5 0.16589 0.030239524
9/21/2015 72.4 0.16688 0.029562512
9/22/2015 72.1 0.16651 0.029374742
9/23/2015 68.3 0.16912 0.028262732
9/24/2015 68.5 0.16832 0.028211408
9/25/2015 67.9 0.16825 0.027952671
9/26/2015 67.8 0.16772 0.027823581
9/27/2015 68.1 0.16681 0.027795063
9/28/2015 69.4 0.16504 0.028025099
9/29/2015 74 0.16083 0.029120394
9/30/2015 91.8 0.15107 0.033932775
10/1/2015 78.2 0.15687 0.030015468
10/2/2015 71.9 0.16053 0.028241227
10/3/2015 68.2 0.16294 0.027190085
10/4/2015 63.2 0.16716 0.025849248
10/5/2015 61.7 0.16817 0.025388215
10/6/2015 60.6 0.16878 0.025026037
10/7/2015 58.13 0.17121 0.024351624
10/8/2015 61.2 0.16675 0.024969839
10/9/2015 76.9 0.1528 0.028750683
10/10/2015 66.1 0.16037 0.025937198
10/11/2015 62.8 0.16301 0.02504796
10/12/2015 62.9 0.16225 0.024970879
10/13/2015 63.4 0.16107 0.024986325
10/14/2015 60.1 0.16405 0.024123992
10/15/2015 61.3 0.16202 0.024301192
10/16/2015 60.1 0.16273 0.023929883
10/17/2015 58.4 0.16413 0.023453048
10/18/2015 58.3 0.16359 0.023335858
10/19/2015 56.2 0.16568 0.022782683
10/20/2015 54.1 0.16801 0.0222398
10/21/2015 53.7 0.16793 0.022064853
10/22/2015 53.1 0.16818 0.0218508
10/23/2015 52.5 0.16845 0.021638582
10/24/2015 57.3 0.16091 0.022559846
10/25/2015 60.9 0.15602 0.023248559
10/26/2015 57.3 0.15961 0.022377584
10/27/2015 56.5 0.16 0.022119072
10/28/2015 105 0.13181 0.033863834
10/29/2015 224 0.13593 0.074500949
10/30/2015 160 0.12853 0.050317953
10/31/2015 153 0.12771 0.047809567
11/1/2015 102 0.13032 0.032524432
11/2/2015 74.6 0.14008 0.025568982
11/3/2015 60.7 0.15073 0.022386534
11/4/2015 56.2 0.15538 0.021366329
11/5/2015 58.5 0.15198 0.021754083
11/6/2015 57.3 0.15281 0.021424213
11/7/2015 56.8 0.15283 0.021240044
11/8/2015 46.4 0.16875 0.019158444
11/9/2015 62.1 0.14587 0.022164404
11/10/2015 51.3 0.15873 0.019923923
11/11/2015 53.3 0.15514 0.020232496
11/12/2015 55.5 0.15159 0.020585528
11/13/2015 56.3 0.15001 0.020664604
11/14/2015 51.9 0.15546 0.019741698
11/15/2015 54.8 0.15082 0.020222645
11/16/2015 56.8 0.14778 0.020538204
11/17/2015 54.4 0.15026 0.020000496
11/18/2015 54.7 0.14934 0.01998766
11/19/2015 54.5 0.14907 0.019878574
11/20/2015 51.1 0.15336 0.019174828
11/21/2015 50.5 0.15377 0.019000344
11/22/2015 48.2 0.15706 0.01852299
11/23/2015 48.3 0.15635 0.018477512
11/24/2015 45.8 0.16047 0.01798282
11/25/2015 45.7 0.16014 0.017906656
11/26/2015 46.3 0.15845 0.0179503
11/27/2015 43.9 0.16283 0.017490306
11/28/2015 49.8 0.15135 0.018442094
11/29/2015 45.1 0.15929 0.01757776
11/30/2015 47.8 0.15373 0.017979806
12/1/2015 47.1 0.1545 0.017805241
12/2/2015 46.9 0.15441 0.017719307
12/3/2015 48.8 0.15066 0.017989383
12/4/2015 101 0.11633 0.028748261
12/5/2015 144 0.11288 0.039772049
12/6/2015 155 0.11284 0.042795021
12/7/2015 119 0.11301 0.032905031
12/8/2015 108 0.11391 0.030101219
12/9/2015 98.3 0.1153 0.027732007
12/10/2015 89.33 0.11729 0.025636385
12/11/2015 77.8 0.12137 0.023104119
12/12/2015 70 0.12532 0.021464308
12/13/2015 67.6 0.1266 0.020940106
12/14/2015 66.4 0.12716 0.02065937
12/15/2015 101 0.1131 0.027950041
12/16/2015 113 0.1111 0.030717861
12/17/2015 113 0.11086 0.030651504
12/18/2015 121 0.10993 0.032546184
12/19/2015 115 0.1102 0.031008296
12/20/2015 110 0.11053 0.029748928
12/21/2015 109 0.11044 0.029454481
12/22/2015 106 0.11065 0.028698273
12/23/2015 106 0.11045 0.0286464
12/24/2015 106 0.11026 0.028597122
12/25/2015 105 0.11023 0.02831963
12/26/2015 108 0.10961 0.028964925
12/27/2015 134 0.10763 0.035288777
12/28/2015 155 0.10771 0.040849448
12/29/2015 190 0.10989 0.051086982
12/30/2015 233 0.11455 0.065305459
12/31/2015 259 0.11798 0.074766427
1/1/2016 245 0.11587 0.069460125
1/2/2016 188 0.10916 0.050213425
1/3/2016 138 0.10662 0.036001139
1/4/2016 117 0.10738 0.030740274
1/5/2016 101 0.10934 0.027020844
1/6/2016 112 0.10766 0.029503319
1/7/2016 115 0.10727 0.030183847
1/8/2016 107 0.10811 0.02830402
1/9/2016 109 0.10777 0.028742388
1/10/2016 142 0.10602 0.036836183
1/11/2016 200 0.10951 0.053589814
1/12/2016 181 0.10774 0.0477149
1/13/2016 166 0.10667 0.043326026
1/14/2016 148 0.10591 0.038352807
1/15/2016 134 0.10584 0.034701888
1/16/2016 132 0.10586 0.034190409
1/17/2016 137 0.10577 0.035455331
1/18/2016 118 0.10653 0.030757597
1/19/2016 133 0.10582 0.03443641
1/20/2016 125 0.1061 0.032450685
1/21/2016 126 0.10606 0.032697959
1/22/2016 119 0.1065 0.03100952
1/23/2016 114 0.10695 0.02983212
1/24/2016 109 0.10755 0.028683714
1/25/2016 118 0.10668 0.030800906
1/26/2016 127 0.10621 0.033004078
1/27/2016 186 0.10828 0.049278748
1/28/2016 190 0.1087 0.05053376
1/29/2016 187 0.10851 0.049648924
1/30/2016 150 0.10638 0.039043588
1/31/2016 168 0.10727 0.044094664
2/1/2016 199 0.10992 0.053521499
2/2/2016 203 0.11044 0.054855592
2/3/2016 241 0.11514 0.067895617
2/4/2016 298 0.12378 0.090253741
2/5/2016 245 0.11594 0.069502088
2/6/2016 175 0.10842 0.04642436
2/7/2016 145 0.10719 0.038029511
2/8/2016 135 0.10733 0.035453031
2/9/2016 130 0.10759 0.034222658
2/10/2016 120 0.10824 0.031780996
2/11/2016 100 0.11089 0.027132565
2/12/2016 89.8 0.11346 0.024929731
2/13/2016 85.7 0.11491 0.024095565
2/14/2016 84.4 0.11556 0.023864286
2/15/2016 86 0.11522 0.024245145
2/16/2016 91.5 0.11379 0.025475556
2/17/2016 98 0.11247 0.026968776
2/18/2016 99.6 0.11237 0.027384713
2/19/2016 108 0.11123 0.029393017
2/20/2016 244 0.11877 0.07090797
2/21/2016 631 0.19717 0.304416836
2/22/2016 559 0.18062 0.247045028
2/23/2016 376 0.14209 0.130722345
2/24/2016 467 0.16098 0.183944698
2/25/2016 1240 0.37528 1.138611529
2/26/2016 775 0.23629 0.448069638
2/27/2016 385 0.14525 0.136828115
2/28/2016 265 0.12418 0.08051856
2/29/2016 256 0.12313 0.077126268
3/1/2016 252 0.12286 0.07575469
3/2/2016 206 0.11708 0.059013097
3/3/2016 152 0.11312 0.042070866
3/4/2016 143 0.11324 0.039621815
3/5/2016 133 0.11361 0.036971466
3/6/2016 132 0.11397 0.036809757
3/7/2016 147 0.1143 0.041111378
3/8/2016 174 0.11601 0.049390469
3/9/2016 181 0.11693 0.051784883
3/10/2016 193 0.11843 0.055926483
3/11/2016 353 0.14436 0.124686677
3/12/2016 309 0.13651 0.103209914
3/13/2016 222 0.12302 0.066823185
3/14/2016 196 0.12028 0.057683016
3/15/2016 218 0.12331 0.06577385
3/16/2016 203 0.12187 0.060532878
3/17/2016 203 0.12229 0.060741492
3/18/2016 184 0.1207 0.054340492
3/19/2016 147 0.11883 0.042740727
3/20/2016 125 0.11953 0.036558251
3/21/2016 118 0.12045 0.034776613
3/22/2016 114 0.12127 0.033826472
3/23/2016 118 0.12131 0.035024914
3/24/2016 228 0.12863 0.07175887
3/25/2016 475 0.17853 0.207492922
3/26/2016 381 0.15792 0.147217888
3/27/2016 251 0.13358 0.08203773
3/28/2016 189 0.12563 0.05809699
3/29/2016 191 0.12632 0.059034237
3/30/2016 160 0.12421 0.048626724
3/31/2016 168 0.12519 0.051460902
4/1/2016 249.7 0.1359 0.083030274
4/2/2016 293 0.14409 0.103299908
4/3/2016 251 0.13719 0.084254799
4/4/2016 204 0.13079 0.065283462
4/5/2016 188 0.12944 0.059542193
4/6/2016 204.7 0.13189 0.06605842
4/7/2016 232 0.13629 0.077366054
4/8/2016 218 0.13476 0.071881307
4/9/2016 168 0.12967 0.053302461
4/10/2016 124 0.1295 0.039290714
4/11/2016 275.4 0.14594 0.098341482
4/12/2016 319 0.15513 0.121083495
4/13/2016 216 0.13718 0.072500837
4/14/2016 114 0.1325 0.036958914
4/15/2016 89.2 0.13858 0.030245717
4/16/2016 76.4 0.14503 0.027111258
4/17/2016 68 0.15143 0.025195287
4/18/2016 61.1 0.15857 0.023706133
4/19/2016 58.2 0.16258 0.023152003
4/20/2016 58.5 0.16287 0.023312853
4/21/2016 58.9 0.16304 0.023496757
4/22/2016 62.7 0.15945 0.02446192
4/23/2016 132 0.13608 0.043950792
4/24/2016 108 0.13884 0.036689081
4/25/2016 125 0.1375 0.042054375
4/26/2016 190 0.14103 0.065563719
4/27/2016 207 0.14381 0.072837982
4/28/2016 179 0.14095 0.061732886
4/29/2016 129 0.1395 0.044031389
4/30/2016 114 0.14131 0.039416333
5/1/2016 116 0.14163 0.040198673
5/2/2016 141 0.14095 0.048627581
5/3/2016 150 0.14168 0.051999394
5/4/2016 152 0.14231 0.052927024
5/5/2016 115 0.14399 0.040516194
5/6/2016 111 0.14511 0.039411121
5/7/2016 103 0.14716 0.037087322
5/8/2016 101 0.1482 0.036624192
5/9/2016 98.2 0.14949 0.035918823
5/10/2016 94.3 0.15122 0.034891481
5/11/2016 91.1 0.1529 0.034081942
5/12/2016 89.7 0.154 0.033799606
5/13/2016 99.3 0.15146 0.036799818
5/14/2016 102 0.15133 0.037767973
5/15/2016 94.5 0.154 0.03560828
5/16/2016 88.7 0.15668 0.034004442
5/17/2016 87.6 0.15771 0.033803511
5/18/2016 84.5 0.1597 0.03301871
5/19/2016 82.8 0.16112 0.032642113
5/20/2016 81.5 0.16238 0.032380878
5/21/2016 80.1 0.16374 0.032091186
5/22/2016 76.4 0.16662 0.031147196
5/23/2016 75.3 0.16795 0.030943787
5/24/2016 75.2 0.16858 0.031018612
5/25/2016 71.6 0.17189 0.03011356
5/26/2016 71.5 0.17254 0.030185217
5/27/2016 72.2 0.17253 0.03047897
5/28/2016 72.4 0.17292 0.030632487
5/29/2016 69.8 0.17567 0.030002089
5/30/2016 67 0.17886 0.029321521
5/31/2016 65.1 0.1814 0.028894604
6/1/2016 61.8 0.18579 0.028093722
6/2/2016 64.6 0.18304 0.028931903
6/3/2016 67.8 0.18023 0.029898903
6/4/2016 61.7 0.18756 0.028315476
6/5/2016 68 0.18107 0.030126861
6/6/2016 69.2 0.18042 0.030548455
6/7/2016 63.1 0.1874 0.028933263
6/8/2016 57.67 0.19527 0.027553955
6/9/2016 61.3 0.19066 0.028596872
6/10/2016 61 0.19155 0.028589757
6/11/2016 61.3 0.19164 0.028743861
6/12/2016 58.2 0.19648 0.027979491
6/13/2016 58 0.19725 0.027992615
6/14/2016 59.9 0.19494 0.028571054
6/15/2016 59.5 0.19595 0.028527302
6/16/2016 59.2 0.19683 0.028510936
6/17/2016 59.9 0.19626 0.028764517
6/18/2016 59.6 0.1971 0.028742951
6/19/2016 59.3 0.19795 0.028721603
6/20/2016 52.5 0.20994 0.026968263
6/21/2016 69.3 0.1868 0.031674413
6/22/2016 62.5 0.19473 0.029779085
6/23/2016 61.4 0.19652 0.029523891
6/24/2016 61.5 0.19673 0.029603576
6/25/2016 61.5 0.19707 0.029654739
6/26/2016 48.8 0.22036 0.02631183
6/27/2016 70.5 0.1876 0.032360887
6/28/2016 63.1 0.19592 0.030248692
6/29/2016 68.2 0.1904 0.031772383
6/30/2016 57.8 0.20398 0.02884788
7/1/2016 62.6 0.19736 0.030229568
7/2/2016 58.4 0.20356 0.029087324
7/3/2016 57.2 0.20571 0.028790546
7/4/2016 56.6 0.20694 0.028658889
7/5/2016 54.8 0.21031 0.028199341
7/6/2016 52 0.21599 0.027481185
7/7/2016 56.6 0.20755 0.028743367
7/8/2016 58.7 0.20433 0.029347338
7/9/2016 65 0.19599 0.031170642
7/10/2016 58.1 0.20558 0.029225064
7/11/2016 57 0.2075 0.028939527
7/12/2016 43.5 0.23918 0.025457315
7/13/2016 53.6 0.21383 0.028043479
7/14/2016 64.7 0.1969 0.031170837
7/15/2016 60.2 0.2029 0.029886634
7/16/2016 57.2 0.20761 0.029056464
7/17/2016 56.8 0.20832 0.028951947
7/18/2016 56.9 0.20818 0.028983427
7/19/2016 62.4 0.20001 0.030537591
7/20/2016 60.1 0.20321 0.029882575
7/21/2016 42.5 0.24303 0.025272447
7/22/2016 54.7 0.21204 0.028379425
7/23/2016 62 0.20047 0.03041162
7/24/2016 52 0.21728 0.027645317
7/25/2016 78.9 0.18392 0.035506219
7/26/2016 75.1 0.18665 0.034297811
7/27/2016 38 0.26031 0.024203207
7/28/2016 32.7 0.2887 0.023098991
7/29/2016 51.5 0.21783 0.027448802
7/30/2016 52.5 0.21559 0.027694045
7/31/2016 62.8 0.1986 0.030516685
8/1/2016 69.3 0.19106 0.032396753
8/2/2016 69.3 0.19089 0.032367927
8/3/2016 67.5 0.19256 0.031803017
8/4/2016 56.7 0.20686 0.028698424
8/5/2016 64.3 0.19578 0.030801919
8/6/2016 76 0.18427 0.03426626
8/7/2016 63.8 0.19593 0.030585817
8/8/2016 66 0.19309 0.031181872
8/9/2016 62.1 0.19758 0.030021546
8/10/2016 68.8 0.18958 0.031913867
8/11/2016 64 0.1946 0.030473426
8/12/2016 46.1 0.22756 0.025668195
8/13/2016 69.9 0.18763 0.032090607
8/14/2016 59.9 0.19907 0.02917636
8/15/2016 70.9 0.18605 0.032275604
8/16/2016 68.3 0.18822 0.031454656
8/17/2016 68 0.18817 0.031308176
8/18/2016 66.1 0.18983 0.030701867
8/19/2016 63.7 0.19223 0.029961191
8/20/2016 65.5 0.18973 0.030407154
8/21/2016 98.7 0.16844 0.040678119
8/22/2016 85.7 0.17331 0.036341506
8/23/2016 68.4 0.18544 0.031035446
8/24/2016 65.1 0.18852 0.030028725
8/25/2016 73.5 0.18001 0.032372962
8/26/2016 75.5 0.17803 0.032888087
8/27/2016 70.6 0.18162 0.03137378
8/28/2016 72.9 0.17918 0.031960645
8/29/2016 121 0.161 0.047666111
8/30/2016 79.7 0.17336 0.033806927
8/31/2016 104 0.16297 0.04147052
9/1/2016 91.9 0.16631 0.03739662
9/2/2016 74.7 0.1754 0.032058903
9/3/2016 67.4 0.18129 0.029897317
9/4/2016 68.2 0.17998 0.030033579
9/5/2016 67.9 0.17974 0.029861594
9/6/2016 68 0.17912 0.029802415
9/7/2016 54.4 0.19638 0.026139341
9/8/2016 83.2 0.16693 0.033982568
9/9/2016 68.1 0.17738 0.029556311
9/10/2016 58.6 0.18798 0.026953039
9/11/2016 91.4 0.16161 0.03614206
9/12/2016 72.3 0.17201 0.030429195
9/13/2016 68.1 0.17512 0.029179734
9/14/2016 51.9 0.19656 0.024960942
9/15/2016 75.7 0.16777 0.031074822
9/16/2016 82 0.16329 0.032762114
9/17/2016 66.3 0.17452 0.02831113
9/18/2016 81.3 0.16256 0.032337222
9/19/2016 72.6 0.16775 0.029798721
9/20/2016 68.5 0.1706 0.028593549
9/21/2016 67.9 0.17055 0.028334788
9/22/2016 65.7 0.17207 0.027661072
9/23/2016 66.4 0.17075 0.027741329
9/24/2016 65.1 0.17143 0.027306516
9/25/2016 64.1 0.17186 0.026954502
9/26/2016 65.2 0.17007 0.027131498
9/27/2016 67.7 0.16702 0.027666589
9/28/2016 66 0.168 0.027130118
9/29/2016 66.4 0.16697 0.027127202
9/30/2016 67.3 0.16549 0.027251179
10/1/2016 67.8 0.16441 0.027274475
10/2/2016 67.2 0.16432 0.027018309
10/3/2016 66.8 0.16405 0.026813356
10/4/2016 70.33 0.16036 0.027595301
10/5/2016 66 0.16352 0.026406649
10/6/2016 66.8 0.16213 0.026499539
10/7/2016 67.1 0.16122 0.026469145
10/8/2016 65.6 0.16198 0.025999423
10/9/2016 63 0.16395 0.02527263
10/10/2016 59.9 0.1668 0.024446762
10/11/2016 61.9 0.16383 0.024813187
10/12/2016 61.1 0.16407 0.02452838
10/13/2016 62.3 0.16209 0.024708293
10/14/2016 59.9 0.16415 0.024058369
10/15/2016 59.4 0.16409 0.023848827
10/16/2016 59.9 0.16283 0.023864905
10/17/2016 58.5 0.16387 0.023455991
10/18/2016 57.3 0.16474 0.023096818
10/19/2016 55.6 0.16637 0.022633321
10/20/2016 61.1 0.15886 0.023749487
10/21/2016 97.6 0.13714 0.032750085
10/22/2016 117 0.13316 0.038120459
10/23/2016 75.6 0.14506 0.02683292
10/24/2016 65.3 0.15215 0.024309924
10/25/2016 60.8 0.15601 0.023208896
10/26/2016 58 0.15863 0.022511881
10/27/2016 60 0.15565 0.022850665
10/28/2016 64 0.15092 0.023633348
10/29/2016 59.2 0.15531 0.02249674
10/30/2016 57.1 0.15722 0.021965565
10/31/2016 56.8 0.15698 0.021816804
11/1/2016 55.9 0.15751 0.021543607
11/2/2016 56.27 0.15641 0.021534753
11/3/2016 109 0.12797 0.034129753
11/4/2016 103 0.12852 0.032389662
11/5/2016 82.4 0.13433 0.02708312
11/6/2016 74.6 0.13783 0.025158286
11/7/2016 65.5 0.14379 0.023044562
11/8/2016 62.3 0.14615 0.022278469
11/9/2016 61.3 0.14658 0.021985364
11/10/2016 58.7 0.14879 0.021370285
11/11/2016 55.2 0.15246 0.02059176
11/12/2016 54.6 0.15269 0.020398663
11/13/2016 55.6 0.15082 0.020517867
11/14/2016 55.8 0.15002 0.020482447
11/15/2016 56.1 0.1491 0.020466283
11/16/2016 58 0.14631 0.020763496
11/17/2016 57.7 0.14613 0.020630686
11/18/2016 58 0.14528 0.020617324
11/19/2016 57.8 0.145 0.020506631
11/20/2016 50.4 0.1544 0.01904041
11/21/2016 68.8 0.13415 0.02258279
11/22/2016 54.5 0.14748 0.019666546
11/23/2016 52.5 0.14969 0.019228728
11/24/2016 56 0.14463 0.019817318
11/25/2016 56.9 0.14309 0.019921408
11/26/2016 57 0.14252 0.019876922
11/27/2016 56.4 0.14275 0.019699431
11/28/2016 59.5 0.13893 0.020226068
11/29/2016 54.8 0.14379 0.01928003
11/30/2016 71.8 0.12836 0.022550316
12/1/2016 105 0.11661 0.029958742
12/2/2016 102 0.11679 0.029147701
12/3/2016 101 0.11664 0.02882487
12/4/2016 89.2 0.11923 0.026022491
12/5/2016 78.6 0.12291 0.023637864
12/6/2016 67.37 0.12905 0.02127272
12/7/2016 77 0.123 0.023173643
12/8/2016 70.2 0.12645 0.02171973
12/9/2016 63.1 0.13132 0.020274899
12/10/2016 58.8 0.13495 0.019415505
12/11/2016 54.9 0.1389 0.018658343
12/12/2016 52.7 0.14134 0.018225279
12/13/2016 50.5 0.14407 0.017801779
12/14/2016 49.9 0.14462 0.017657425
12/15/2016 48.2 0.14696 0.017331839
12/16/2016 37.4 0.17076 0.015626302
12/17/2016 34.6 0.17966 0.015209886
12/18/2016 56.1 0.13531 0.018573392
12/19/2016 54.2 0.13724 0.018200297
12/20/2016 50.9 0.1413 0.017597802
12/21/2016 49.9 0.14248 0.017396141
12/22/2016 49.4 0.14296 0.01727985
12/23/2016 49.5 0.14255 0.017265171
12/24/2016 50.5 0.14082 0.017400198
12/25/2016 71.8 0.12093 0.021245011
12/26/2016 79.5 0.11692 0.022743349
12/27/2016 146 0.10763 0.038448966
12/28/2016 127 0.10768 0.033460871
12/29/2016 110 0.10887 0.029302143
12/30/2016 83 0.11486 0.023326274
12/31/2016 70.6 0.12056 0.020826026
1/1/2017 65.4 0.12385 0.019818566
1/2/2017 61.6 0.12671 0.019098096
1/3/2017 70.1 0.12043 0.020656235
1/4/2017 192 0.1093 0.051347566
1/5/2017 136 0.10643 0.035416158
1/6/2017 74.9 0.11745 0.021524512
1/7/2017 70 0.12005 0.020561684
1/8/2017 66.2 0.12243 0.019830986
1/9/2017 54.6 0.13286 0.017749469
1/10/2017 52.9 0.13482 0.017450524
1/11/2017 68.6 0.12059 0.020241089
1/12/2017 91.1 0.11099 0.024740057
1/13/2017 158 0.10626 0.041079521
1/14/2017 135 0.10585 0.03496416
1/15/2017 102 0.10852 0.027083727
1/16/2017 96.4 0.10957 0.025844442
1/17/2017 106 0.10785 0.027972062
1/18/2017 204 0.10972 0.054766431
1/19/2017 203 0.10962 0.054448298
1/20/2017 189 0.10827 0.050068942
1/21/2017 156 0.10611 0.040502272
1/22/2017 136 0.10582 0.035213171
1/23/2017 133 0.10589 0.03445919
1/24/2017 111 0.10731 0.029144838
1/25/2017 119 0.10661 0.031041548
1/26/2017 121 0.10653 0.03153957
1/27/2017 138 0.10603 0.03580192
1/28/2017 131 0.1062 0.034040371
1/29/2017 115 0.1072 0.03016415
1/30/2017 99.9 0.10934 0.026726558
1/31/2017 85.3 0.11316 0.023617854
2/1/2017 92.1 0.11126 0.025072472
2/2/2017 94.6 0.11075 0.025635001
2/3/2017 75.1 0.11766 0.021620576
2/4/2017 82.4 0.11464 0.023113295
2/5/2017 88.2 0.11282 0.024347431
2/6/2017 80.3 0.11573 0.022738404
2/7/2017 90.33 0.11249 0.024862477
2/8/2017 200 0.11094 0.054289598
2/9/2017 195 0.1106 0.052770136
2/10/2017 170 0.10871 0.045218577
2/11/2017 125 0.10813 0.033071561
2/12/2017 139 0.10797 0.036721158
2/13/2017 152 0.10836 0.040300558
2/14/2017 149 0.10846 0.039541609
2/15/2017 206 0.11286 0.056886045
2/16/2017 202 0.11264 0.055672726
2/17/2017 156 0.1093 0.041719897
2/18/2017 161 0.10975 0.043234344
2/19/2017 180 0.11124 0.048992766
2/20/2017 174 0.11101 0.047261753
2/21/2017 136 0.10989 0.036567524
2/22/2017 121 0.11069 0.032771191
2/23/2017 115 0.11143 0.031354396
2/24/2017 119 0.11135 0.03242169
2/25/2017 186 0.11328 0.051554272
2/26/2017 286 0.12694 0.088830683
2/27/2017 225 0.1182 0.065072646
2/28/2017 160 0.11228 0.043956273
3/1/2017 199 0.11573 0.056350465
3/2/2017 216 0.118 0.062364038
3/3/2017 155 0.11296 0.042840532
3/4/2017 118 0.11377 0.032847947
3/5/2017 96.2 0.11735 0.027622096
3/6/2017 98.6 0.11716 0.028265375
3/7/2017 127 0.1142 0.035486919
3/8/2017 171 0.1155 0.048325523
3/9/2017 183 0.11682 0.052307837
3/10/2017 153 0.11523 0.043137549
3/11/2017 115 0.11644 0.03276412
3/12/2017 96.7 0.11975 0.028333516
3/13/2017 87.6 0.12268 0.026295192
3/14/2017 87.9 0.12298 0.026449766
3/15/2017 59.6 0.14047 0.020484639
3/16/2017 56.8 0.14397 0.020008697
3/17/2017 66 0.13568 0.0219108
3/18/2017 76 0.12968 0.024114878
3/19/2017 115 0.11956 0.033642032
3/20/2017 179 0.12075 0.052885747
3/21/2017 272 0.13377 0.089027895
3/22/2017 453 0.17103 0.18956972
3/23/2017 366 0.15262 0.136675605
3/24/2017 291 0.13855 0.098650205
3/25/2017 357 0.15186 0.132650864
3/26/2017 506 0.18612 0.230431598
3/27/2017 378.3 0.1575 0.145785849
3/28/2017 282 0.13898 0.095895866
3/29/2017 190 0.12585 0.058506658
3/30/2017 153 0.12353 0.04624474
3/31/2017 471 0.1811 0.208707391
4/1/2017 879 0.29607 0.636768763
4/2/2017 561 0.20515 0.281600132
4/3/2017 313 0.14809 0.11341449
4/4/2017 433 0.17481 0.185204972
4/5/2017 491 0.18958 0.227757393
4/6/2017 400.3 0.1686 0.165135951
4/7/2017 1440 0.51053 1.798797318
4/8/2017 1180 0.4095 1.182318228
4/9/2017 757 0.26705 0.494637381
4/10/2017 496 0.19464 0.236217595
4/11/2017 377 0.16661 0.153688328
4/12/2017 288 0.14849 0.104637696
4/13/2017 228 0.13857 0.077304101
4/14/2017 161 0.13144 0.05177879
4/15/2017 108 0.1335 0.035277962
4/16/2017 71.9 0.14747 0.025943648
4/17/2017 44.7 0.1839 0.020113503
4/18/2017 32.5 0.22718 0.018065581
4/19/2017 29.3 0.2466 0.01767906
4/20/2017 108 0.13623 0.035999377
4/21/2017 880 0.32092 0.690999809
4/22/2017 628 0.24156 0.371178777
4/23/2017 273 0.15227 0.101712766
4/24/2017 50.3 0.17743 0.021837027
4/25/2017 48.7 0.1812 0.02159164
4/26/2017 55 0.17116 0.023033686
4/27/2017 50.6 0.17905 0.022167837
4/28/2017 56.6 0.17027 0.023580502
4/29/2017 52.6 0.17702 0.022782771
4/30/2017 119 0.14037 0.040871421
5/1/2017 960 0.36309 0.852872268
5/2/2017 1800 0.742 3.26794608
5/3/2017 958.7 0.36545 0.8572533
5/4/2017 490 0.21259 0.254880954
5/5/2017 1210 0.46877 1.387853588
5/6/2017 1830 0.76984 3.447069457
5/7/2017 968 0.37473 0.887548904
5/8/2017 328 0.17365 0.139362877
5/9/2017 155 0.14486 0.054938734
5/10/2017 137 0.14502 0.048612386
5/11/2017 134 0.14562 0.047744604
5/12/2017 134 0.14617 0.047924933
5/13/2017 139 0.14665 0.049876428
5/14/2017 137 0.14721 0.0493465
5/15/2017 139 0.14774 0.050247142
5/16/2017 150 0.14848 0.05449513
5/17/2017 147 0.14892 0.053563486
5/18/2017 149 0.14952 0.054510985
5/19/2017 149 0.15005 0.054704209
5/20/2017 151 0.15065 0.055660173
5/21/2017 152 0.15122 0.056240775
5/22/2017 147 0.15156 0.05451304
5/23/2017 150 0.15218 0.055853104
5/24/2017 151 0.15273 0.056428664
5/25/2017 173 0.15481 0.065530516
5/26/2017 191 0.15742 0.073568474
5/27/2017 172 0.15573 0.065538908
5/28/2017 166 0.15569 0.06323642
5/29/2017 156 0.15548 0.05934684
5/30/2017 160 0.15622 0.061158255
5/31/2017 155 0.15639 0.059311533
6/1/2017 150 0.15664 0.057490013
6/2/2017 147 0.15701 0.056473294
6/3/2017 143 0.15739 0.055069565
6/4/2017 150 0.15803 0.058000171
6/5/2017 140 0.15828 0.054219131
6/6/2017 102.3 0.1628 0.040750084
6/7/2017 141 0.15916 0.054910009
6/8/2017 136 0.15962 0.053115917
6/9/2017 134 0.16009 0.0524889
6/10/2017 137 0.16044 0.053781349
6/11/2017 134 0.16091 0.052757755
6/12/2017 134 0.16131 0.052888903
6/13/2017 132 0.16176 0.052244857
6/14/2017 128 0.16234 0.05084333
6/15/2017 120 0.16337 0.047968046
6/16/2017 116 0.16422 0.046610366
6/17/2017 115 0.16473 0.046352057
6/18/2017 113 0.16539 0.045728416
6/19/2017 116 0.16528 0.046911224
6/20/2017 115 0.16576 0.04664188
6/21/2017 114 0.16623 0.046367398
6/22/2017 114 0.16655 0.046456658
6/23/2017 126 0.16553 0.051032369
6/24/2017 125 0.1659 0.050740515
6/25/2017 124 0.16626 0.050443816
6/26/2017 125 0.16645 0.050908733
6/27/2017 122 0.16698 0.049845133
6/28/2017 118 0.16768 0.048412972
6/29/2017 118 0.16792 0.048482265
6/30/2017 117 0.16828 0.048174458
7/1/2017 117 0.16851 0.048240301
7/2/2017 114 0.16915 0.047181889
7/3/2017 110 0.17005 0.045768617
7/4/2017 108 0.17065 0.045095013
7/5/2017 106 0.17127 0.044420724
7/6/2017 101 0.17273 0.042686212
7/7/2017 102 0.17261 0.043078899
7/8/2017 106 0.17175 0.044545217
7/9/2017 98.9 0.17381 0.042060025
7/10/2017 98.3 0.17413 0.041881824
7/11/2017 92.97 0.17616 0.0400727
7/12/2017 92.6 0.17641 0.039969863
7/13/2017 100 0.1739 0.042549852
7/14/2017 91 0.17725 0.039466272
7/15/2017 87.6 0.17888 0.038341082
7/16/2017 90.5 0.17759 0.039324713
7/17/2017 93.5 0.17638 0.040351476
7/18/2017 89.1 0.17829 0.038868982
7/19/2017 85.9 0.17989 0.037809302
7/20/2017 88.2 0.17874 0.038573479
7/21/2017 82.7 0.18168 0.036763013
7/22/2017 81 0.1827 0.036209459
7/23/2017 78.4 0.1844 0.03537329
7/24/2017 71.9 0.18952 0.033341291
7/25/2017 72.7 0.18875 0.033575295
7/26/2017 75.2 0.18661 0.034336121
7/27/2017 74.8 0.18684 0.034195576
7/28/2017 73 0.18824 0.033622751
7/29/2017 64.5 0.19682 0.031061857
7/30/2017 66 0.19493 0.031479012
7/31/2017 63.9 0.19728 0.030844831
8/1/2017 61.9 0.19969 0.030244432
8/2/2017 55.7 0.20907 0.028493473
8/3/2017 51.7 0.21661 0.02740107
8/4/2017 51.2 0.21746 0.027242554
8/5/2017 54.6 0.21043 0.028112455
8/6/2017 53.1 0.21305 0.027680538
8/7/2017 49.3 0.22103 0.026662239
8/8/2017 45.8 0.22985 0.025757782
8/9/2017 45.5 0.2304 0.025650294
8/10/2017 46.5 0.22728 0.025859055
8/11/2017 40 0.24823 0.024294767
8/12/2017 39.3 0.25065 0.024102314
8/13/2017 38.5 0.25361 0.023890518
8/14/2017 37.3 0.25852 0.023593993
8/15/2017 33.5 0.278 0.022787048
8/16/2017 34.1 0.27401 0.022862265
8/17/2017 32.1 0.28575 0.022443457
8/18/2017 30.7 0.29489 0.022151181
8/19/2017 31.3 0.29005 0.022213433
8/20/2017 29.6 0.30207 0.021877504
8/21/2017 28.2 0.31318 0.021609345
8/22/2017 27 0.32371 0.021385448
8/23/2017 30.4 0.29404 0.021871495
8/24/2017 28.4 0.30937 0.021497849
8/25/2017 25 0.34295 0.020978252
8/26/2017 23.5 0.36106 0.020760878
8/27/2017 22.2 0.37908 0.020591231
8/28/2017 21 0.39805 0.020452924
8/29/2017 20.9 0.39882 0.020394905
8/30/2017 19.3 0.4293 0.020272937
8/31/2017 19.6 0.42179 0.020227901
9/1/2017 18.6 0.4428 0.020152041
9/2/2017 20.2 0.40752 0.020141823
9/3/2017 22.2 0.37214 0.020214258
9/4/2017 22.1 0.37262 0.020149158
9/5/2017 25.5 0.32757 0.020438206
9/6/2017 53.73 0.19834 0.026075078
9/7/2017 27.7 0.30407 0.020608758
9/8/2017 24.6 0.33477 0.020150235
9/9/2017 21.4 0.3781 0.019797891
9/10/2017 18.8 0.4267 0.019628132
9/11/2017 18 0.44416 0.019561872
9/12/2017 17.6 0.45291 0.019503971
9/13/2017 17.5 0.45405 0.019441967
9/14/2017 16.8 0.47195 0.01940009
9/15/2017 16.6 0.47625 0.019343789
9/16/2017 16.7 0.47169 0.019273989
9/17/2017 16.7 0.47007 0.019207794
9/18/2017 16.6 0.4714 0.019146797
9/19/2017 16.6 0.46975 0.019079779
9/20/2017 15.8 0.49307 0.01906181
9/21/2017 15.7 0.49465 0.019001861
9/22/2017 14.9 0.52146 0.019011034
9/23/2017 14.7 0.5273 0.018965905
9/24/2017 14.4 0.53741 0.018935061
9/25/2017 15.1 0.50832 0.018780736
9/26/2017 15.7 0.48564 0.018655744
9/27/2017 14.8 0.51567 0.018673772
9/28/2017 23.3 0.32757 0.01867491
9/29/2017 16 0.47061 0.018423817
9/30/2017 27.7 0.2807 0.019024824
10/1/2017 15.1 0.49687 0.018357697
10/2/2017 14 0.53787 0.018424844
10/3/2017 13 0.58267 0.0185338
10/4/2017 13.7 0.54678 0.0183287
10/5/2017 49.6 0.18646 0.022629024
10/6/2017 13.3 0.56099 0.018255983
10/7/2017 15 0.48877 0.017938837
10/8/2017 14.1 0.5211 0.017977887
10/9/2017 111 0.14122 0.038354618
10/10/2017 194 0.14246 0.067622799
10/11/2017 120 0.139 0.040812624
10/12/2017 127 0.13793 0.042860865
10/13/2017 109 0.1393 0.037151477
10/14/2017 93 0.14255 0.032437595
10/15/2017 77.4 0.14886 0.028191452
10/16/2017 67.9 0.15496 0.025744701
10/17/2017 64.7 0.15721 0.024887594
10/18/2017 65.6 0.15573 0.024996235
10/19/2017 66 0.15474 0.024988777
10/20/2017 64.5 0.1555 0.024540792
10/21/2017 61.8 0.15759 0.023829537
10/22/2017 60 0.15894 0.023333664
10/23/2017 59.4 0.15899 0.023107594
10/24/2017 68.3 0.1497 0.025017331
10/25/2017 61.5 0.15537 0.023379798
10/26/2017 60.7 0.15561 0.023111315
10/27/2017 59.6 0.15621 0.022779992
10/28/2017 59.3 0.15593 0.022624701
10/29/2017 63.7 0.15071 0.023489835
10/30/2017 68.6 0.1459 0.024489385
10/31/2017 68.4 0.14547 0.024346022
11/1/2017 65.6 0.1472 0.023627084
11/2/2017 72.4 0.14147 0.025061173
11/3/2017 91.6 0.13199 0.029582507
11/4/2017 95.3 0.13039 0.030404345
11/5/2017 117 0.12606 0.036087902
11/6/2017 203 0.12897 0.064059451
11/7/2017 197 0.12777 0.061587644
11/8/2017 181 0.12565 0.055646716
11/9/2017 128 0.12336 0.038635168
11/10/2017 92 0.12836 0.028894555
11/11/2017 75.5 0.13479 0.024900215
11/12/2017 68.8 0.1386 0.023331902
11/13/2017 65.9 0.14033 0.022627387
11/14/2017 68 0.13817 0.022989056
11/15/2017 68.9 0.13701 0.023097765
11/16/2017 59.3 0.14495 0.021031555
11/17/2017 54.2 0.15053 0.019962771
11/18/2017 54.4 0.14973 0.019929949
11/19/2017 187 0.12126 0.055482707
11/20/2017 244 0.12804 0.076442338
11/21/2017 206 0.12247 0.061729877
11/22/2017 147 0.11755 0.042280337
11/23/2017 108 0.11916 0.031488554
11/24/2017 93.6 0.1217 0.027871792
11/25/2017 74.4 0.12891 0.023467024
11/26/2017 62 0.13743 0.020848351
11/27/2017 54.5 0.14512 0.019351839
11/28/2017 50.5 0.15025 0.018565401
11/29/2017 48.4 0.15318 0.01814036
11/30/2017 48 0.15339 0.018015103
12/1/2017 46.6 0.15543 0.017722265
12/2/2017 48.6 0.15144 0.018008409
12/3/2017 49.2 0.15001 0.018058588
12/4/2017 37.6 0.17553 0.016148704
12/5/2017 30.9 0.20109 0.015203635
12/6/2017 33.03 0.19089 0.015427311
12/7/2017 31.6 0.19663 0.015203211
12/8/2017 53.1 0.14228 0.01848574
12/9/2017 71 0.12564 0.021826533
12/10/2017 52.4 0.14247 0.018266409
12/11/2017 51.6 0.14321 0.018080961
12/12/2017 51 0.14371 0.017933111
12/13/2017 43.2 0.15711 0.016606804
12/14/2017 47.3 0.14884 0.017225795
12/15/2017 56.4 0.13588 0.018751375
12/16/2017 51 0.14236 0.017764649
12/17/2017 48.9 0.1452 0.017372965
12/18/2017 48.4 0.14568 0.017252171
12/19/2017 102 0.11195 0.027939765
12/20/2017 178 0.11053 0.048139175
12/21/2017 179 0.11039 0.048348303
12/22/2017 114 0.10966 0.030588034
12/23/2017 84.9 0.11544 0.023980734
12/24/2017 74.8 0.11951 0.021872797
12/25/2017 77.8 0.11787 0.022437856
12/26/2017 55.8 0.13365 0.018247427
12/27/2017 52.1 0.13793 0.017583079
12/28/2017 51 0.13921 0.01737157
12/29/2017 50.2 0.14014 0.017213307
12/30/2017 49.7 0.14068 0.017107526
12/31/2017 49.1 0.14139 0.016986295
1/1/2018 47.6 0.14359 0.016723594
1/2/2018 45.9 0.14633 0.016434047
1/3/2018 44.3 0.14915 0.016166852
1/4/2018 42.7 0.15225 0.01590683
1/5/2018 41.5 0.15474 0.01571264
1/6/2018 41.4 0.15483 0.015683895
1/7/2018 41.1 0.15538 0.015625554
1/8/2018 41.1 0.15526 0.015613486
1/9/2018 41.4 0.15445 0.015645402
1/10/2018 42 0.15301 0.015724164
1/11/2018 116.3 0.1069 0.030419768
1/12/2018 785 0.22746 0.436891065
1/13/2018 745 0.21729 0.396090553
1/14/2018 421 0.14473 0.149086778
1/15/2018 204 0.10976 0.054786397
1/16/2018 127 0.10602 0.032945036
1/17/2018 82.8 0.11343 0.022980355
1/18/2018 98.4 0.10914 0.026277105
1/19/2018 105 0.10799 0.027744143
1/20/2018 98.1 0.10921 0.026213794
1/21/2018 111 0.10722 0.029120394
1/22/2018 178 0.10741 0.04678032
1/23/2018 449 0.15031 0.16513255
1/24/2018 415 0.14366 0.145875525
1/25/2018 231 0.11304 0.063891429
1/26/2018 157 0.10634 0.040850256
1/27/2018 113 0.10725 0.029653381
1/28/2018 140 0.10609 0.036341342
1/29/2018 140 0.10616 0.03636532
1/30/2018 98.9 0.10954 0.026507422
1/31/2018 86.9 0.11264 0.023950296
2/1/2018 103 0.10899 0.027467703
2/2/2018 111 0.10798 0.029326807
2/3/2018 87.8 0.11269 0.024209085
2/4/2018 83.5 0.11423 0.02333808
2/5/2018 502.5 0.163 0.200411271
2/6/2018 85.7 0.11375 0.023852324
2/7/2018 75.1 0.11822 0.021723478
2/8/2018 74.6 0.11863 0.021653686
2/9/2018 70.7 0.12094 0.020921261
2/10/2018 72.1 0.12032 0.021226166
2/11/2018 72.9 0.12006 0.021415309
2/12/2018 82.1 0.11603 0.023308371
2/13/2018 84.8 0.11525 0.023913066
2/14/2018 89.3 0.11402 0.024913283
2/15/2018 247 0.11804 0.071338607
2/16/2018 817 0.24226 0.484286364
2/17/2018 518 0.16958 0.214932882
2/18/2018 304 0.12762 0.094927227
2/19/2018 186 0.11175 0.050857961
2/20/2018 747 0.22578 0.412671562
2/21/2018 824 0.24669 0.4973673
2/22/2018 539 0.17612 0.232271494
2/23/2018 303 0.12885 0.095526865
2/24/2018 246 0.12018 0.07233788
2/25/2018 275 0.12485 0.08400782
2/26/2018 295 0.12844 0.092708763
2/27/2018 218 0.11732 0.06257877
2/28/2018 134 0.11179 0.036652721
3/1/2018 113 0.11332 0.031331665
3/2/2018 112 0.11373 0.031166751
3/3/2018 125 0.11299 0.034557992
3/4/2018 140 0.11295 0.038691248
3/5/2018 138 0.11328 0.038249944
3/6/2018 130 0.11375 0.036182055
3/7/2018 125 0.11429 0.034955597
3/8/2018 125.3 0.11464 0.035146794
3/9/2018 123 0.11509 0.034637072
3/10/2018 127 0.11524 0.035810092
3/11/2018 126 0.11564 0.035651442
3/12/2018 139 0.1157 0.039350172
3/13/2018 118 0.11691 0.033754536
3/14/2018 141 0.11645 0.04017511
3/15/2018 150 0.11699 0.04293767
3/16/2018 194 0.12055 0.057222578
3/17/2018 161 0.11824 0.046578851
3/18/2018 161 0.11864 0.046736425
3/19/2018 176 0.12008 0.051710867
3/20/2018 156 0.11922 0.045506369
3/21/2018 129 0.11944 0.037699707
3/22/2018 113 0.12104 0.033466156
3/23/2018 104 0.12279 0.031246027
3/24/2018 87.2 0.12754 0.027212057
3/25/2018 78.2 0.13179 0.025216667
3/26/2018 72.8 0.13528 0.024097026
3/27/2018 70.5 0.13726 0.023677268
3/28/2018 86.6 0.12965 0.027471912
3/29/2018 107 0.12502 0.032731186
3/30/2018 456 0.17685 0.19731876
3/31/2018 343 0.1524 0.127902066
4/1/2018 263 0.13775 0.088643282
4/2/2018 184 0.12717 0.057253358
4/3/2018 135 0.1252 0.041355814
4/4/2018 329 0.15188 0.122262975
4/5/2018 305.3 0.14775 0.110370438
4/6/2018 221 0.13374 0.072318942
4/7/2018 169 0.12835 0.053073906
4/8/2018 141 0.12765 0.044039097
4/9/2018 108 0.13033 0.034440276
4/10/2018 88 0.13585 0.029251005
4/11/2018 75.1 0.14249 0.026183204
4/12/2018 69.6 0.14675 0.024991126
4/13/2018 80.7 0.1406 0.02776242
4/14/2018 81.7 0.14069 0.028124432
4/15/2018 88.8 0.13832 0.030053594
4/16/2018 1000 0.35597 0.870987396
4/17/2018 1670 0.63562 2.597242477
4/18/2018 936 0.33624 0.770058462
4/19/2018 459 0.19217 0.215822514
4/20/2018 271 0.15005 0.099495574
4/21/2018 173 0.13611 0.057614873
4/22/2018 128 0.13531 0.042377793
4/23/2018 107 0.13807 0.036147775
4/24/2018 94.1 0.14167 0.03261865
4/25/2018 96.9 0.14143 0.033532335
4/26/2018 118 0.13824 0.039912985
4/27/2018 106 0.1405 0.036440192
4/28/2018 94.3 0.14391 0.033204821
4/29/2018 96.9 0.14373 0.034077653
4/30/2018 86.8 0.14776 0.0313816
5/1/2018 71.6 0.15691 0.027489201
5/2/2018 63.7 0.16448 0.025636044
5/3/2018 61.6 0.1674 0.02523101
5/4/2018 95.3 0.14708 0.03429612
5/5/2018 114 0.14375 0.040096935
5/6/2018 99.6 0.14703 0.035831399
5/7/2018 88.9 0.15103 0.032852124
5/8/2018 89.2 0.1515 0.033065566
5/9/2018 94.2 0.15031 0.034644735
5/10/2018 98.6 0.14958 0.036086845
5/11/2018 103 0.14906 0.037566161
5/12/2018 90.4 0.15336 0.033921809
5/13/2018 79.6 0.15901 0.030969627
5/14/2018 77.6 0.1608 0.030531366
5/15/2018 113 0.14946 0.041323956
5/16/2018 126 0.14869 0.045840651
5/17/2018 113 0.15055 0.041625329
5/18/2018 105 0.15251 0.039181954
5/19/2018 106 0.15285 0.039643298
5/20/2018 119 0.15142 0.04408884
5/21/2018 113 0.1527 0.042219779
5/22/2018 143 0.15148 0.053001701
5/23/2018 162 0.15284 0.060582964
5/24/2018 123 0.15314 0.046088463
5/25/2018 109 0.15545 0.041458702
5/26/2018 101 0.15772 0.038976839
5/27/2018 95.1 0.15998 0.037225855
5/28/2018 91.4 0.16183 0.03619126
5/29/2018 84.1 0.1656 0.034076486
5/30/2018 82.7 0.16686 0.033764181
5/31/2018 76.8 0.17097 0.032127698
6/1/2018 73.6 0.17382 0.031302284
6/2/2018 70.4 0.17698 0.03048564
6/3/2018 69.6 0.17822 0.030350381
6/4/2018 66.4 0.18186 0.029546343
6/5/2018 64.08 0.18492 0.028993781
6/6/2018 67.6 0.18168 0.030050541
6/7/2018 63.9 0.18617 0.029107776
6/8/2018 61.9 0.1891 0.028640504
6/9/2018 60.9 0.19091 0.028447522
6/10/2018 59.8 0.1929 0.028224866
6/11/2018 58.9 0.19468 0.028056604
6/12/2018 57.7 0.19696 0.027806884
6/13/2018 58.7 0.19594 0.028142306
6/14/2018 59.6 0.19511 0.028452751
6/15/2018 58.7 0.19688 0.028277315
6/16/2018 56.6 0.20059 0.027779484
6/17/2018 57.1 0.20022 0.027973193
6/18/2018 65.4 0.18951 0.030325527
6/19/2018 66.5 0.18871 0.030705419
6/20/2018 61.8 0.19468 0.029437999
6/21/2018 59 0.19897 0.028723548
6/22/2018 62.7 0.19428 0.029805342
6/23/2018 66.5 0.19018 0.030944606
6/24/2018 66.7 0.19031 0.031058889
6/25/2018 61.9 0.19637 0.029741595
6/26/2018 58.4 0.20167 0.028817256
6/27/2018 59.8 0.19991 0.029250559
6/28/2018 59.3 0.20096 0.029158339
6/29/2018 58.9 0.20185 0.02908992
6/30/2018 55.6 0.2075 0.028228732
7/1/2018 55.7 0.20761 0.028294494
7/2/2018 56.3 0.20684 0.028493211
7/3/2018 57.2 0.20559 0.028773751
7/4/2018 59.5 0.20225 0.029444485
7/5/2018 57.1 0.20622 0.028811466
7/6/2018 59.7 0.20238 0.029562448
7/7/2018 55.7 0.20901 0.028485296
7/8/2018 52.8 0.21464 0.027729565
7/9/2018 51.4 0.21774 0.027384184
7/10/2018 50.04 0.22093 0.027050199
7/11/2018 48.9 0.22378 0.026774946
7/12/2018 47 0.22878 0.026309608
7/13/2018 46.3 0.23082 0.026148868
7/14/2018 47 0.22901 0.026336058
7/15/2018 45.7 0.23272 0.026022462
7/16/2018 46.9 0.22945 0.026330516
7/17/2018 45.6 0.23315 0.026013497
7/18/2018 46.1 0.23177 0.026143072
7/19/2018 45.4 0.23381 0.025972718
7/20/2018 44.6 0.23623 0.025779137
7/21/2018 48.2 0.22618 0.02667471
7/22/2018 67.5 0.19392 0.032027633
7/23/2018 76.3 0.18593 0.034711428
7/24/2018 66.4 0.19504 0.031687665
7/25/2018 47.4 0.22807 0.026451175
7/26/2018 34 0.28104 0.023380055
7/27/2018 29.3 0.31388 0.022502446
7/28/2018 54.3 0.21238 0.02821707
7/29/2018 69.9 0.19096 0.032660141
7/30/2018 77.6 0.18439 0.035010439
7/31/2018 78.5 0.18361 0.03526667
8/1/2018 82 0.18119 0.036353527
8/2/2018 85.6 0.17899 0.037488754
8/3/2018 84.3 0.17953 0.037030799
8/4/2018 105 0.17146 0.044050474
8/5/2018 95.8 0.174 0.040786199
8/6/2018 90.8 0.17577 0.039050722
8/7/2018 96.1 0.17349 0.040794001
8/8/2018 99 0.17231 0.041739203
8/9/2018 93.2 0.17411 0.039704351
8/10/2018 83.4 0.17853 0.036431389
8/11/2018 81.4 0.17945 0.03574097
8/12/2018 79.5 0.18038 0.035087626
8/13/2018 78.8 0.18056 0.034813384
8/14/2018 81.1 0.17877 0.035474311
8/15/2018 82.3 0.17774 0.035791795
8/16/2018 83.8 0.17656 0.036202187
8/17/2018 87 0.17456 0.037158866
8/18/2018 158 0.16488 0.063741685
8/19/2018 116 0.1655 0.046973666
8/20/2018 85.6 0.17423 0.036491791
8/21/2018 96.7 0.16922 0.040038393
8/22/2018 105 0.1665 0.042776181
8/23/2018 53.3 0.20657 0.026939711
8/24/2018 32.3 0.28033 0.02215494
8/25/2018 64.7 0.1887 0.029872712
8/26/2018 84.1 0.17269 0.035535437
8/27/2018 92.9 0.16825 0.038244524
8/28/2018 100 0.16546 0.040484753
8/29/2018 96.4 0.16615 0.039190053
8/30/2018 92.5 0.16712 0.037824102
8/31/2018 93.1 0.16645 0.037916824
9/1/2018 91.1 0.16678 0.037175842
9/2/2018 90.3 0.16665 0.036820658
9/3/2018 113 0.15999 0.044235379
9/4/2018 109 0.16024 0.0427362
9/5/2018 91.6 0.1647 0.036913697
9/6/2018 87.9 0.16577 0.035652771
9/7/2018 86.7 0.16583 0.035178772
9/8/2018 88.8 0.16437 0.03571363
9/9/2018 86.5 0.16491 0.034902905
9/10/2018 103 0.15865 0.039983036
9/11/2018 98.67 0.1593 0.038459123
9/12/2018 86.1 0.16353 0.03445078
9/13/2018 80.7 0.16584 0.032746229
9/14/2018 79.4 0.16607 0.032263402
9/15/2018 78.1 0.16632 0.031782934
9/16/2018 77 0.16648 0.031365431
9/17/2018 75.5 0.16693 0.030837546
9/18/2018 75.9 0.16607 0.030841212
9/19/2018 74.9 0.1662 0.030458696
9/20/2018 75.1 0.16547 0.030405887
9/21/2018 76.1 0.16419 0.030572421
9/22/2018 74.5 0.16471 0.030024426
9/23/2018 75 0.16376 0.030051598
9/24/2018 77.2 0.16169 0.030542103
9/25/2018 85.4 0.1566 0.032722622
9/26/2018 97.8 0.15143 0.036236751
9/27/2018 108 0.14848 0.039236493
9/28/2018 87.9 0.15375 0.033067584
9/29/2018 82.8 0.15552 0.031507581
9/30/2018 81.4 0.15566 0.031002727
10/1/2018 87.3 0.15225 0.032521459
10/2/2018 110 0.14533 0.039115279
10/3/2018 129 0.14282 0.045079305
10/4/2018 102 0.14578 0.036382839
10/5/2018 92 0.1481 0.033338139
10/6/2018 103 0.14442 0.036396786
10/7/2018 132 0.14047 0.045368663
10/8/2018 108 0.14228 0.037598116
10/9/2018 99.4 0.14356 0.034915503
10/10/2018 91.5 0.14536 0.032543517
10/11/2018 84.5 0.14758 0.030512844
10/12/2018 78.8 0.14986 0.028894183
10/13/2018 81.8 0.14768 0.029557892
10/14/2018 81.8 0.14708 0.029437803
10/15/2018 80.4 0.1472 0.028957584
10/16/2018 77 0.14849 0.027976051
10/17/2018 76.6 0.14813 0.027763247
10/18/2018 77.8 0.14684 0.027952615
10/19/2018 76.9 0.14676 0.027614203
10/20/2018 77.5 0.14582 0.027651409
10/21/2018 78.6 0.14462 0.027813099
10/22/2018 76.4 0.14528 0.027157992
10/23/2018 76.4 0.1447 0.02704957
10/24/2018 75.8 0.14447 0.026794481
10/25/2018 75.1 0.14431 0.026517638
10/26/2018 75.3 0.14361 0.026459287
10/27/2018 78.3 0.14132 0.027074713
10/28/2018 88.5 0.13622 0.029497324
10/29/2018 88 0.13586 0.029253158
10/30/2018 84.9 0.13654 0.028363908
10/31/2018 87.4 0.13501 0.028871932
11/1/2018 113 0.1285 0.035528759
11/2/2018 490 0.18927 0.22692186
11/3/2018 392 0.16539 0.158633091
11/4/2018 286 0.14302 0.100083222
11/5/2018 197 0.12876 0.062064844
11/6/2018 156 0.12487 0.047662979
11/7/2018 155 0.12435 0.047160235
11/8/2018 142.3 0.12359 0.043031522
11/9/2018 135 0.12314 0.040675359
11/10/2018 137 0.12265 0.041113703
11/11/2018 131 0.12232 0.039207327
11/12/2018 124 0.1222 0.037075871
11/13/2018 119 0.12212 0.035557583
11/14/2018 127 0.12114 0.03764348
11/15/2018 148 0.12048 0.043628989
11/16/2018 173 0.12133 0.051358552
11/17/2018 206 0.12418 0.062591787
11/18/2018 209 0.12411 0.063467521
11/19/2018 183 0.12089 0.054130238
11/20/2018 164 0.11904 0.0477678
11/21/2018 143 0.1179 0.041252314
11/22/2018 122 0.11807 0.035245028
11/23/2018 96.1 0.12146 0.028559798
11/24/2018 101 0.11997 0.029647802
11/25/2018 104 0.11902 0.030286686
11/26/2018 140 0.11595 0.039718904
11/27/2018 302 0.13456 0.099430905
11/28/2018 287 0.13155 0.092378567
11/29/2018 264 0.12738 0.082281773
11/30/2018 238 0.12311 0.07169168
12/1/2018 224 0.12084 0.066230374
12/2/2018 368 0.14477 0.130354151
12/3/2018 465 0.16447 0.187127716
12/4/2018 333 0.13731 0.111878046
12/5/2018 236 0.12106 0.069905467
12/6/2018 168 0.11351 0.046659693
12/7/2018 137 0.11226 0.037630854
12/8/2018 122 0.11249 0.033579345
12/9/2018 108 0.11361 0.030021942
12/10/2018 115 0.11248 0.031649847
12/11/2018 109 0.11289 0.030107898
12/12/2018 101.7 0.11374 0.028303012
12/13/2018 104 0.11309 0.028777696
12/14/2018 108 0.11222 0.029654629
12/15/2018 132 0.11014 0.035572753
12/16/2018 146 0.10985 0.039242023
12/17/2018 146 0.10961 0.039156287
12/18/2018 132 0.10943 0.035343439
12/19/2018 113 0.1104 0.030524319
12/20/2018 102 0.11173 0.027884858
12/21/2018 337 0.13262 0.109354686
12/22/2018 390 0.14221 0.135704177
12/23/2018 290 0.12417 0.088107555
12/24/2018 196 0.11131 0.053381248
12/25/2018 148 0.10801 0.039113272
12/26/2018 130 0.10789 0.034318083
12/27/2018 121 0.10816 0.032022152
12/28/2018 126 0.10772 0.033209731
12/29/2018 144 0.10729 0.037802473
12/30/2018 139 0.10712 0.036432069
12/31/2018 128 0.1072 0.033574011
