date flow_ft3_s po4_mg_L Daily_Load_MTD
1/1/2013 2430 0.05719 0.340035956
1/2/2013 2220 0.05265 0.285989324
1/3/2013 2010 0.04845 0.238280395
1/4/2013 2150 0.05081 0.267292102
1/5/2013 2320 0.05387 0.305797149
1/6/2013 2263 0.05251 0.290753562
1/7/2013 2322 0.05341 0.303447291
1/8/2013 2280 0.05235 0.292045154
1/9/2013 2270 0.05192 0.288375933
1/10/2013 2827 0.06331 0.437921829
1/11/2013 3160 0.07085 0.547804265
1/12/2013 5296 0.13675 1.77204107
1/13/2013 7280 0.2259 4.023889834
1/14/2013 7040 0.21257 3.661618583
1/15/2013 6770 0.19836 3.285800869
1/16/2013 7090 0.21345 3.702890471
1/17/2013 6570 0.18739 3.012383448
1/18/2013 6320 0.17534 2.711418484
1/19/2013 6180 0.16858 2.549135942
1/20/2013 5970 0.15909 2.32389063
1/21/2013 5570 0.14253 1.94249519
1/22/2013 4770 0.11339 1.32340145
1/23/2013 2550 0.05456 0.34041839
1/24/2013 1590 0.03811 0.148263601
1/25/2013 1290 0.03423 0.108042614
1/26/2013 1220 0.03337 0.099612654
1/27/2013 1387 0.03514 0.119255026
1/28/2013 1330 0.03438 0.111880909
1/29/2013 1780 0.04028 0.175431645
1/30/2013 3780 0.08169 0.755542968
1/31/2013 7080 0.20317 3.5195838
2/1/2013 7070 0.20221 3.498005716
2/2/2013 6850 0.19135 3.207136983
2/3/2013 6760 0.18679 3.089575339
2/4/2013 6820 0.18915 3.15637934
2/5/2013 7010 0.19764 3.38993472
2/6/2013 6640 0.18029 2.929126918
2/7/2013 5600 0.13755 1.884721104
2/8/2013 4870 0.11194 1.333867637
2/9/2013 3900 0.08319 0.793842239
2/10/2013 2180 0.04563 0.243391515
2/11/2013 2550 0.05224 0.325943122
2/12/2013 3490 0.07246 0.618759997
2/13/2013 3910 0.08301 0.794155674
2/14/2013 3450 0.07134 0.602213756
2/15/2013 3270 0.06707 0.536629485
2/16/2013 3110 0.06342 0.482597534
2/17/2013 2900 0.05888 0.417795994
2/18/2013 2230 0.04612 0.251647508
2/19/2013 2120 0.04424 0.229482436
2/20/2013 2300 0.04729 0.266131096
2/21/2013 1940 0.04133 0.196184913
2/22/2013 1720 0.03807 0.160217443
2/23/2013 1560 0.0359 0.137030587
2/24/2013 1860 0.0401 0.182497025
2/25/2013 1750 0.03849 0.164810331
2/26/2013 1460 0.03466 0.123816888
2/27/2013 1960 0.04165 0.199742071
2/28/2013 3300 0.06758 0.545670655
3/1/2013 4760 0.10723 1.248882933
3/2/2013 4190 0.09035 0.926276512
3/3/2013 3370 0.06933 0.57167549
3/4/2013 2780 0.05652 0.384454918
3/5/2013 2460 0.05037 0.303183477
3/6/2013 2100 0.04412 0.226700914
3/7/2013 2270 0.04707 0.261437889
3/8/2013 2620 0.05359 0.343544911
3/9/2013 2730 0.05584 0.372998022
3/10/2013 3000 0.06155 0.45180162
3/11/2013 4666 0.10547 1.204126605
3/12/2013 6248 0.16318 2.494631612
3/13/2013 8380 0.26961 5.528133048
3/14/2013 7890 0.24252 4.681909715
3/15/2013 7000 0.1977 3.38612652
3/16/2013 6540 0.17704 2.833006827
3/17/2013 6410 0.17175 2.693724939
3/18/2013 6030 0.15617 2.304164039
3/19/2013 5240 0.12649 1.621757636
3/20/2013 3840 0.08332 0.782850724
3/21/2013 2990 0.06277 0.459221052
3/22/2013 2700 0.05678 0.375109121
3/23/2013 2540 0.05372 0.333862924
3/24/2013 2330 0.04988 0.284368075
3/25/2013 2260 0.04874 0.269520892
3/26/2013 2360 0.05074 0.292995492
3/27/2013 2400 0.05166 0.303364051
3/28/2013 2640 0.05658 0.365481452
3/29/2013 2930 0.06297 0.451439738
3/30/2013 2880 0.06208 0.437464351
3/31/2013 3040 0.06591 0.490256508
4/1/2013 3417 0.07525 0.629143849
4/2/2013 3960 0.09022 0.874171172
4/3/2013 4230 0.09856 1.020092452
4/4/2013 3690 0.08334 0.752451191
4/5/2013 3040 0.06717 0.49962873
4/6/2013 2940 0.06512 0.468446711
4/7/2013 2890 0.06424 0.454257228
4/8/2013 2530 0.05667 0.350810195
4/9/2013 3010 0.06758 0.497717779
4/10/2013 3790 0.08826 0.818467813
4/11/2013 8333 0.2931 5.976069948
4/12/2013 9220 0.35483 8.004785966
4/13/2013 11570 0.55623 15.74657984
4/14/2013 9147 0.35277 7.895302896
4/15/2013 8840 0.33263 7.194691103
4/16/2013 8270 0.29591 5.987749503
4/17/2013 7680 0.26074 4.899675894
4/18/2013 7430 0.24739 4.49748192
4/19/2013 7400 0.2469 4.470450408
4/20/2013 6650 0.20733 3.373512043
4/21/2013 6600 0.20583 3.32392397
4/22/2013 5450 0.15329 2.044131347
4/23/2013 4530 0.11836 1.311902713
4/24/2013 3940 0.09916 0.955941271
4/25/2013 3090 0.07513 0.56802878
4/26/2013 2440 0.05987 0.357435395
4/27/2013 2320 0.05759 0.326914012
4/28/2013 2260 0.05663 0.313150762
4/29/2013 2340 0.05866 0.335858534
4/30/2013 2270 0.05748 0.319257485
5/1/2013 2350 0.05954 0.342353809
5/2/2013 2300 0.05879 0.330848956
5/3/2013 2010 0.05307 0.261001869
5/4/2013 1860 0.05047 0.229691393
5/5/2013 1710 0.04802 0.200917025
5/6/2013 1570 0.04589 0.176285334
5/7/2013 1762 0.04953 0.213536787
5/8/2013 1387 0.04353 0.147728266
5/9/2013 1540 0.04622 0.174160288
5/10/2013 1770 0.05057 0.219010377
5/11/2013 2210 0.05994 0.324121234
5/12/2013 3210 0.08634 0.678134046
5/13/2013 3100 0.08363 0.63434024
5/14/2013 2180 0.06036 0.321961689
5/15/2013 1900 0.05471 0.254342413
5/16/2013 1660 0.05036 0.204546608
5/17/2013 1630 0.05012 0.199892794
5/18/2013 1460 0.04745 0.169506964
5/19/2013 1230 0.04422 0.13308292
5/20/2013 1127 0.04313 0.118932855
5/21/2013 1220 0.04463 0.133224834
5/22/2013 1140 0.04385 0.122313085
5/23/2013 1300 0.04636 0.147463742
5/24/2013 1260 0.04605 0.141970676
5/25/2013 1290 0.04679 0.147686646
5/26/2013 1280 0.04693 0.146980255
5/27/2013 1190 0.04591 0.13367578
5/28/2013 1200 0.04634 0.136061654
5/29/2013 1850 0.05856 0.265076525
5/30/2013 3980 0.12433 1.210758363
5/31/2013 4730 0.15726 1.820027223
6/1/2013 3403 0.10428 0.868283291
6/2/2013 2380 0.0731 0.42568937
6/3/2013 2297 0.07131 0.400783564
6/4/2013 2567 0.07922 0.497575718
6/5/2013 2060 0.06612 0.333271777
6/6/2013 2190 0.06982 0.374129911
6/7/2013 5520 0.20523 2.771905337
6/8/2013 6510 0.26729 4.25757367
6/9/2013 5820 0.22516 3.20636306
6/10/2013 4140 0.13979 1.416038032
6/11/2013 3420 0.11141 0.932285119
6/12/2013 3760 0.12537 1.153399988
6/13/2013 5930 0.23734 3.443690426
6/14/2013 6958 0.30912 5.26271681
6/15/2013 8577 0.44847 9.411682728
6/16/2013 6230 0.26104 3.979179947
6/17/2013 3973 0.13822 1.343655473
6/18/2013 3170 0.10659 0.826749986
6/19/2013 2540 0.08575 0.532925274
6/20/2013 2100 0.07331 0.376687307
6/21/2013 2030 0.07183 0.356779897
6/22/2013 1730 0.06461 0.273491804
6/23/2013 1540 0.06063 0.228458205
6/24/2013 1220 0.05473 0.163374304
6/25/2013 1730 0.06568 0.278021076
6/26/2013 1470 0.06012 0.216239376
6/27/2013 1340 0.05781 0.189542341
6/28/2013 1630 0.06433 0.25656631
6/29/2013 2960 0.10519 0.76184152
6/30/2013 3470 0.1259 1.068940856
7/1/2013 2773 0.09948 0.674969452
7/2/2013 2610 0.09426 0.60195831
7/3/2013 3197 0.11649 0.911233659
7/4/2013 5310 0.22481 2.920845723
7/5/2013 3900 0.14846 1.416682519
7/6/2013 3150 0.1163 0.896372946
7/7/2013 2340 0.08747 0.500810535
7/8/2013 1920 0.07518 0.353184814
7/9/2013 1840 0.07331 0.330049831
7/10/2013 1430 0.06349 0.222146685
7/11/2013 1210 0.05933 0.175654059
7/12/2013 1340 0.06211 0.203640802
7/13/2013 1310 0.06176 0.197959822
7/14/2013 985 0.05656 0.136315143
7/15/2013 928 0.05614 0.127473191
7/16/2013 665 0.05543 0.090191372
7/17/2013 916.3 0.05646 0.12658348
7/18/2013 655 0.05592 0.089620412
7/19/2013 509 0.05866 0.073056408
7/20/2013 706 0.0561 0.096909429
7/21/2013 893 0.05708 0.124719366
7/22/2013 1100 0.05998 0.16143497
7/23/2013 846 0.05708 0.118155189
7/24/2013 1030 0.0593 0.149448097
7/25/2013 1280 0.06392 0.200191304
7/26/2013 988 0.0591 0.142870609
7/27/2013 750 0.05739 0.105316389
7/28/2013 815 0.05778 0.115221525
7/29/2013 682 0.05783 0.096501939
7/30/2013 705 0.05791 0.099894403
7/31/2013 626 0.05856 0.089696165
8/1/2013 750 0.05818 0.106766118
8/2/2013 726 0.05832 0.103598295
8/3/2013 640 0.05885 0.092156275
8/4/2013 709 0.05861 0.101675526
8/5/2013 479 0.06273 0.073520639
8/6/2013 732.9 0.05883 0.105497469
8/7/2013 623 0.05952 0.090729693
8/8/2013 571 0.06043 0.084428131
8/9/2013 932 0.0604 0.137737223
8/10/2013 1280 0.0664 0.207958426
8/11/2013 1650 0.07561 0.305254204
8/12/2013 945 0.06083 0.140652708
8/13/2013 837 0.05988 0.122632539
8/14/2013 857 0.0601 0.126024147
8/15/2013 814 0.05987 0.119242792
8/16/2013 768 0.05975 0.112278758
8/17/2013 572 0.06113 0.08555569
8/18/2013 390 0.06914 0.065976983
8/19/2013 676 0.05999 0.099225668
8/20/2013 354 0.0726 0.062883739
8/21/2013 376 0.07046 0.064822975
8/22/2013 455 0.06513 0.072508838
8/23/2013 461 0.06485 0.073149166
8/24/2013 366 0.07146 0.063994488
8/25/2013 273 0.08532 0.056991746
8/26/2013 381 0.07007 0.065321412
8/27/2013 435 0.06621 0.070471143
8/28/2013 549 0.0618 0.08301552
8/29/2013 661 0.06014 0.097266515
8/30/2013 568 0.06132 0.085221457
8/31/2013 670 0.06002 0.098394147
9/1/2013 475 0.06406 0.074452454
9/2/2013 480 0.0638 0.074930803
9/3/2013 802.3 0.05987 0.11752886
9/4/2013 287.7 0.08182 0.057596728
9/5/2013 556 0.06126 0.083339378
9/6/2013 394 0.06845 0.065988483
9/7/2013 316 0.07679 0.059373168
9/8/2013 459 0.06427 0.072180429
9/9/2013 285 0.08179 0.057035275
9/10/2013 381 0.0691 0.064417148
9/11/2013 342 0.07289 0.06099476
9/12/2013 347 0.07218 0.061283678
9/13/2013 601 0.05967 0.087746334
9/14/2013 737 0.05869 0.105835184
9/15/2013 671 0.05873 0.096423078
9/16/2013 622 0.05901 0.089807885
9/17/2013 764.7 0.05833 0.109139394
9/18/2013 295 0.07845 0.056625681
9/19/2013 244 0.08967 0.053534712
9/20/2013 415 0.06507 0.06607351
9/21/2013 692 0.05776 0.0977984
9/22/2013 533 0.0597 0.077857421
9/23/2013 588 0.05838 0.08399238
9/24/2013 704 0.05721 0.098546925
9/25/2013 565 0.05843 0.080776086
9/26/2013 457 0.06163 0.068913902
9/27/2013 465 0.06106 0.069471748
9/28/2013 438 0.06215 0.066606056
9/29/2013 360 0.06755 0.059501282
9/30/2013 380 0.06553 0.060928746
10/1/2013 284 0.07722 0.053659498
10/2/2013 381 0.06496 0.060557713
10/3/2013 302 0.0736 0.054385513
10/4/2013 253 0.08292 0.05133083
10/5/2013 330 0.0692 0.055875125
10/6/2013 627 0.05524 0.084746092
10/7/2013 867 0.05509 0.116866582
10/8/2013 1150 0.0585 0.16460847
10/9/2013 1210 0.0593 0.17556524
10/10/2013 1220 0.05922 0.176777385
10/11/2013 1020 0.05578 0.139212154
10/12/2013 787 0.05344 0.102905753
10/13/2013 781 0.05317 0.101605254
10/14/2013 780 0.05292 0.100998032
10/15/2013 721 0.0526 0.092793911
10/16/2013 816 0.05256 0.104940707
10/17/2013 960 0.0535 0.125667648
10/18/2013 1030 0.05408 0.136292632
10/19/2013 1930 0.07294 0.344446313
10/20/2013 2120 0.07789 0.404032254
10/21/2013 1660 0.06534 0.265390694
10/22/2013 1550 0.06247 0.236919974
10/23/2013 1300 0.05702 0.181371497
10/24/2013 1290 0.05653 0.178429709
10/25/2013 1260 0.05569 0.171690488
10/26/2013 1250 0.05522 0.16889037
10/27/2013 1090 0.05239 0.139724759
10/28/2013 1040 0.05143 0.130872481
10/29/2013 1060 0.0514 0.133311451
10/30/2013 1010 0.05049 0.124774321
10/31/2013 1020 0.05032 0.125585436
11/1/2013 1220 0.0529 0.157911578
11/2/2013 2530 0.08441 0.522532002
11/3/2013 3770 0.12861 1.186354714
11/4/2013 2770 0.09099 0.6166971
11/5/2013 2130 0.07158 0.373052341
11/6/2013 1843 0.06397 0.28846967
11/7/2013 1880 0.06445 0.296468969
11/8/2013 2970 0.09539 0.693198748
11/9/2013 4330 0.14804 1.568431098
11/10/2013 4320 0.14671 1.550750521
11/11/2013 3920 0.12872 1.234612216
11/12/2013 3890 0.12673 1.20622273
11/13/2013 3120 0.09752 0.74446924
11/14/2013 2750 0.0851 0.57261237
11/15/2013 1990 0.06398 0.311527065
11/16/2013 1760 0.05838 0.251405764
11/17/2013 1510 0.05298 0.195743511
11/18/2013 1440 0.05138 0.181031881
11/19/2013 1890 0.06014 0.278114543
11/20/2013 2320 0.07014 0.398155041
11/21/2013 1650 0.05436 0.219463279
11/22/2013 1570 0.05248 0.20160066
11/23/2013 1540 0.0516 0.194432515
11/24/2013 1690 0.05414 0.223873881
11/25/2013 1420 0.04885 0.169727176
11/26/2013 1230 0.04559 0.137206023
11/27/2013 1260 0.04574 0.141014956
11/28/2013 1340 0.04666 0.152984702
11/29/2013 2290 0.0656 0.367568083
11/30/2013 1700 0.05236 0.217794562
12/1/2013 1530 0.04892 0.183137108
12/2/2013 1670 0.05115 0.209006879
12/3/2013 1780 0.05294 0.230569794
12/4/2013 1730 0.05165 0.218632591
12/5/2013 2090 0.0587 0.300180764
12/6/2013 3340 0.09126 0.745805193
12/7/2013 5300 0.16543 2.145302857
12/8/2013 4850 0.14472 1.717389346
12/9/2013 3830 0.10534 0.987166843
12/10/2013 2680 0.07074 0.463872174
12/11/2013 2230 0.05964 0.325417549
12/12/2013 2050 0.05544 0.278083714
12/13/2013 1320 0.0423 0.136619525
12/14/2013 1080 0.0391 0.10332347
12/15/2013 1030 0.03837 0.096700227
12/16/2013 1260 0.04076 0.125661776
12/17/2013 1230 0.04014 0.120803899
12/18/2013 1140 0.03884 0.108338432
12/19/2013 1200 0.03931 0.11542045
12/20/2013 1480 0.04291 0.155388438
12/21/2013 3220 0.08025 0.632265354
12/22/2013 10800 0.52122 13.77346784
12/23/2013 13700 0.84991 28.4899691
12/24/2013 12500 0.69531 21.26605635
12/25/2013 9920 0.43404 10.53512999
12/26/2013 8780 0.34287 7.365843294
12/27/2013 8430 0.31662 6.530770029
12/28/2013 8150 0.29638 5.91023806
12/29/2013 8010 0.28589 5.603120373
12/30/2013 8260 0.30051 6.07347779
12/31/2013 7950 0.27927 5.432376796
1/1/2014 7150 0.23124 4.045455929
1/2/2014 6890 0.21623 3.645303076
1/3/2014 6250 0.18355 2.806938375
1/4/2014 3610 0.08509 0.751595545
1/5/2014 3230 0.07455 0.589180876
1/6/2014 3020 0.069 0.509864184
1/7/2014 2900 0.06585 0.467253162
1/8/2014 4600 0.11388 1.281751286
1/9/2014 3800 0.08848 0.822672883
1/10/2014 2900 0.06498 0.461079886
1/11/2014 4100 0.0965 0.96807642
1/12/2014 7400 0.23327 4.223661266
1/13/2014 7600 0.24328 4.52395703
1/14/2014 7300 0.22605 4.037623722
1/15/2014 7540 0.23806 4.391938468
1/16/2014 7420 0.23067 4.187872902
1/17/2014 6770 0.19686 3.260953615
1/18/2014 5820 0.15402 2.193302712
1/19/2014 4130 0.09442 0.954140915
1/20/2014 2810 0.06053 0.416174499
1/21/2014 1730 0.04051 0.171477372
1/22/2014 1260 0.03422 0.105499165
1/23/2014 1340 0.03502 0.114820494
1/24/2014 1230 0.03368 0.101362116
1/25/2014 1100 0.03231 0.086961719
1/26/2014 1260 0.03379 0.104173489
1/27/2014 1300 0.03414 0.108593878
1/28/2014 1330 0.03438 0.111880909
1/29/2014 1140 0.0323 0.09009607
1/30/2014 1100 0.03186 0.085750553
1/31/2014 1150 0.03223 0.090689419
2/1/2014 1140 0.03206 0.089426625
2/2/2014 1080 0.03145 0.083108009
2/3/2014 1080 0.03138 0.082923031
2/4/2014 1280 0.03325 0.104135808
2/5/2014 1300 0.0334 0.106240056
2/6/2014 1210 0.0324 0.095924347
2/7/2014 894 0.02987 0.065338809
2/8/2014 932 0.03003 0.068480941
2/9/2014 1160 0.03175 0.090115644
2/10/2014 981 0.03024 0.072585399
2/11/2014 932 0.02989 0.068161682
2/12/2014 858 0.02948 0.061888968
2/13/2014 982 0.03013 0.072395086
2/14/2014 818 0.02927 0.05858339
2/15/2014 1030 0.03041 0.076639404
2/16/2014 938 0.02977 0.068325079
2/17/2014 976 0.02998 0.071594542
2/18/2014 848 0.02928 0.060752674
2/19/2014 941 0.02973 0.068451506
2/20/2014 995 0.03006 0.073183054
2/21/2014 1780 0.03893 0.169551985
2/22/2014 2900 0.05876 0.416944507
2/23/2014 4100 0.08765 0.879294282
2/24/2014 4700 0.10518 1.209565793
2/25/2014 3900 0.08228 0.785158546
2/26/2014 3000 0.06088 0.446883552
2/27/2014 2730 0.05533 0.369591342
2/28/2014 2010 0.04246 0.208821167
3/1/2014 1710 0.03799 0.158951224
3/2/2014 1690 0.03773 0.156017021
3/3/2014 1520 0.0355 0.132029328
3/4/2014 1320 0.03315 0.107067074
3/5/2014 1330 0.03329 0.108333783
3/6/2014 1130 0.03131 0.086568518
3/7/2014 1200 0.032 0.09395712
3/8/2014 1230 0.03234 0.0973293
3/9/2014 980 0.03024 0.072511407
3/10/2014 1120 0.03139 0.086021658
3/11/2014 1300 0.03323 0.105699313
3/12/2014 2900 0.05962 0.423046826
3/13/2014 4900 0.11335 1.358989422
3/14/2014 5300 0.12721 1.649664368
3/15/2014 6800 0.18836 3.133978886
3/16/2014 8830 0.2985 6.449165334
3/17/2014 7280 0.2122 3.779855789
3/18/2014 7460 0.22181 4.048726322
3/19/2014 6960 0.19759 3.364903956
3/20/2014 7950 0.24915 4.846480749
3/21/2014 8330 0.27158 5.535301194
3/22/2014 7750 0.23947 4.540997769
3/23/2014 6800 0.19211 3.196372286
3/24/2014 5950 0.1554 2.262384684
3/25/2014 4880 0.11606 1.385800967
3/26/2014 3860 0.0853 0.805628474
3/27/2014 3000 0.06411 0.470593044
3/28/2014 2800 0.05993 0.410582827
3/29/2014 3870 0.08642 0.818321005
3/30/2014 6000 0.16052 2.356562016
3/31/2014 6730 0.19377 3.190803614
4/1/2014 8310 0.28 5.69321424
4/2/2014 9840 0.38532 9.277161604
4/3/2014 10430 0.4337 11.06807778
4/4/2014 8750 0.31116 6.66178002
4/5/2014 9780 0.38526 9.219157763
4/6/2014 9730 0.38303 9.118934633
4/7/2014 9080 0.33737 7.495330397
4/8/2014 10000 0.40719 9.96312492
4/9/2014 9850 0.39715 9.571704207
4/10/2014 8980 0.33474 7.354995651
4/11/2014 8950 0.33413 7.317066092
4/12/2014 8650 0.31515 6.670093023
4/13/2014 8230 0.28922 5.824070572
4/14/2014 7830 0.2659 5.09423026
4/15/2014 7390 0.24156 4.367852169
4/16/2014 8070 0.2832 5.591975443
4/17/2014 8470 0.3105 6.434924958
4/18/2014 8110 0.28852 5.725260469
4/19/2014 7780 0.26937 5.127755334
4/20/2014 7700 0.26587 5.009086513
4/21/2014 7280 0.24253 4.320115101
4/22/2014 6470 0.20029 3.170750131
4/23/2014 4710 0.12486 1.43894008
4/24/2014 5580 0.1605 2.191329612
4/25/2014 5290 0.149 1.928592228
4/26/2014 4070 0.10443 1.039963649
4/27/2014 2340 0.05801 0.332136951
4/28/2014 1940 0.05026 0.238573766
4/29/2014 2420 0.06042 0.357762288
4/30/2014 2680 0.06679 0.437970349
5/1/2014 6307 0.20182 3.114479701
5/2/2014 7760 0.28755 5.459760158
5/3/2014 6950 0.23937 4.070549086
5/4/2014 5950 0.18725 2.726071635
5/5/2014 4930 0.1423 1.716525625
5/6/2014 3970 0.10706 1.039959
5/7/2014 3340 0.0876 0.715894531
5/8/2014 2810 0.07329 0.503905981
5/9/2014 2630 0.06911 0.444728655
5/10/2014 2690 0.07105 0.467643427
5/11/2014 2690 0.07147 0.470407821
5/12/2014 2500 0.06711 0.41051187
5/13/2014 2410 0.06533 0.38523716
5/14/2014 3080 0.08356 0.629720193
5/15/2014 7500 0.2926 5.3695026
5/16/2014 9630 0.46421 10.93803354
5/17/2014 12900 0.8427 26.59874684
5/18/2014 10100 0.51521 12.73221986
5/19/2014 8610 0.38341 8.077278533
5/20/2014 7780 0.32161 6.122201407
5/21/2014 7430 0.29868 5.429919964
5/22/2014 6980 0.27023 4.615167373
5/23/2014 6860 0.26414 4.433602579
5/24/2014 7110 0.28222 4.909710221
5/25/2014 6270 0.23092 3.542644401
5/26/2014 6260 0.23176 3.549860504
5/27/2014 6850 0.27008 4.526697446
5/28/2014 6170 0.22929 3.461535183
5/29/2014 6030 0.2225 3.28281039
5/30/2014 5540 0.19651 2.663746501
5/31/2014 4150 0.13196 1.339950871
6/1/2014 2270 0.06976 0.387463503
6/2/2014 1840 0.0598 0.269226298
6/3/2014 1810 0.0595 0.263508126
6/4/2014 1570 0.05483 0.210628129
6/5/2014 1540 0.05458 0.20566137
6/6/2014 1560 0.05531 0.211118712
6/7/2014 1490 0.05427 0.197853876
6/8/2014 1260 0.05052 0.155751543
6/9/2014 1340 0.05217 0.171050405
6/10/2014 2850 0.09097 0.634368379
6/11/2014 3250 0.10518 0.836401878
6/12/2014 1980 0.06694 0.324301808
6/13/2014 1750 0.06182 0.264707058
6/14/2014 1630 0.05951 0.237342781
6/15/2014 1680 0.06096 0.250583639
6/16/2014 1600 0.05956 0.233170253
6/17/2014 1300 0.05398 0.171701743
6/18/2014 1740 0.06341 0.269963763
6/19/2014 1640 0.06148 0.246703993
6/20/2014 1520 0.05921 0.220210043
6/21/2014 1380 0.05671 0.191486079
6/22/2014 1270 0.05499 0.170877906
6/23/2014 1050 0.05187 0.133261292
6/24/2014 1100 0.05285 0.142244718
6/25/2014 1310 0.05663 0.181516592
6/26/2014 2060 0.07464 0.376216053
6/27/2014 4110 0.15243 1.532889126
6/28/2014 4250 0.16002 1.664031978
6/29/2014 3550 0.12863 1.117298188
6/30/2014 2260 0.08209 0.453938655
7/1/2014 1520 0.06279 0.233524549
7/2/2014 1370 0.05991 0.20082527
7/3/2014 1220 0.05734 0.171165405
7/4/2014 1260 0.05835 0.179891183
7/5/2014 1110 0.05607 0.152283204
7/6/2014 1190 0.05765 0.167859044
7/7/2014 1557 0.06548 0.249457034
7/8/2014 1160 0.05767 0.163684069
7/9/2014 2230 0.08475 0.462426849
7/10/2014 1760 0.07149 0.307862248
7/11/2014 1580 0.06723 0.259907415
7/12/2014 1190 0.05922 0.1724304
7/13/2014 1140 0.05861 0.163483921
7/14/2014 1140 0.05885 0.164153365
7/15/2014 2090 0.08253 0.422042904
7/16/2014 2990 0.11486 0.84030795
7/17/2014 3780 0.15041 1.391127651
7/18/2014 1890 0.07751 0.358441275
7/19/2014 1330 0.06365 0.207132631
7/20/2014 1320 0.06367 0.205639838
7/21/2014 1340 0.06432 0.210886756
7/22/2014 1220 0.06211 0.185404313
7/23/2014 1040 0.05925 0.150771816
7/24/2014 730 0.05685 0.101543423
7/25/2014 799 0.05718 0.111786511
7/26/2014 879 0.0579 0.124527684
7/27/2014 1080 0.06062 0.160191017
7/28/2014 5397 0.25267 3.336603264
7/29/2014 10420 0.79076 20.16094494
7/30/2014 7040 0.38713 6.668496975
7/31/2014 4570 0.20102 2.247780714
8/1/2014 4250 0.1829 1.90195881
8/2/2014 2680 0.10858 0.712005098
8/3/2014 2980 0.12106 0.882704632
8/4/2014 3640 0.15174 1.351449852
8/5/2014 6590 0.3519 5.674180583
8/6/2014 4370 0.19185 2.051359195
8/7/2014 6140 0.31531 4.737013119
8/8/2014 3630 0.15244 1.353954397
8/9/2014 2260 0.09447 0.522397183
8/10/2014 1830 0.08066 0.361166765
8/11/2014 1490 0.07139 0.260268807
8/12/2014 1580 0.07382 0.285383986
8/13/2014 3930 0.16922 1.627206659
8/14/2014 6200 0.32359 4.908912074
8/15/2014 4470 0.20045 2.192360938
8/16/2014 2020 0.08722 0.43108799
8/17/2014 1670 0.07669 0.313367304
8/18/2014 1440 0.07071 0.249139048
8/19/2014 1280 0.06706 0.210025482
8/20/2014 1150 0.06449 0.181463252
8/21/2014 1190 0.06528 0.190075254
8/22/2014 1190 0.06531 0.190162605
8/23/2014 1080 0.06332 0.167325886
8/24/2014 960 0.06156 0.144600008
8/25/2014 925 0.06114 0.138377551
8/26/2014 813 0.06018 0.119712969
8/27/2014 970 0.06168 0.146391065
8/28/2014 917 0.06103 0.136933963
8/29/2014 746 0.05991 0.10935449
8/30/2014 819 0.06014 0.120516302
8/31/2014 836 0.06021 0.123161048
9/1/2014 651 0.06011 0.095747223
9/2/2014 839 0.06014 0.123459313
9/3/2014 1050 0.06255 0.160699707
9/4/2014 849 0.0601 0.124847725
9/5/2014 1140 0.06397 0.178434847
9/6/2014 994 0.06154 0.149672616
9/7/2014 779 0.05948 0.113372282
9/8/2014 698 0.05938 0.101413107
9/9/2014 745 0.05924 0.107986582
9/10/2014 740 0.05913 0.10706267
9/11/2014 753 0.05905 0.108796106
9/12/2014 680 0.05905 0.098248807
9/13/2014 737 0.05881 0.106051579
9/14/2014 712 0.0587 0.102262538
9/15/2014 654 0.05884 0.094156192
9/16/2014 719 0.05843 0.102792931
9/17/2014 579 0.05949 0.084279316
9/18/2014 712 0.05816 0.101321792
9/19/2014 690 0.05808 0.098055999
9/20/2014 835 0.0582 0.11890714
9/21/2014 797 0.05783 0.11277426
9/22/2014 764 0.05756 0.107600085
9/23/2014 589 0.05837 0.084120813
9/24/2014 642 0.05755 0.090402164
9/25/2014 655 0.05727 0.091783995
9/26/2014 726 0.05682 0.10093373
9/27/2014 742 0.05663 0.102813215
9/28/2014 675 0.05658 0.093446962
9/29/2014 684 0.05634 0.094291255
9/30/2014 603 0.05683 0.083848141
10/1/2014 550 0.05754 0.07743388
10/2/2014 516 0.05818 0.073455089
10/3/2014 743 0.05541 0.100733851
10/4/2014 635 0.05561 0.086402258
10/5/2014 624 0.0555 0.084737578
10/6/2014 820 0.05501 0.110370744
10/7/2014 823 0.05479 0.110331522
10/8/2014 654 0.05455 0.087291303
10/9/2014 678 0.05418 0.089880849
10/10/2014 732 0.05382 0.09639472
10/11/2014 732 0.05358 0.095964866
10/12/2014 693 0.0534 0.09054677
10/13/2014 749 0.0531 0.097313885
10/14/2014 743 0.05285 0.096079841
10/15/2014 824 0.05286 0.106574387
10/16/2014 738 0.05234 0.094512348
10/17/2014 826 0.05236 0.105822534
10/18/2014 980 0.05346 0.128189809
10/19/2014 940 0.05276 0.121347578
10/20/2014 940 0.05249 0.12072658
10/21/2014 1130 0.05469 0.151211506
10/22/2014 1190 0.05537 0.161220386
10/23/2014 1280 0.05665 0.177422362
10/24/2014 1310 0.0569 0.182382025
10/25/2014 1290 0.05623 0.177482798
10/26/2014 1380 0.05762 0.19455877
10/27/2014 1280 0.05544 0.173632758
10/28/2014 1000 0.05094 0.124639992
10/29/2014 872 0.04943 0.105464323
10/30/2014 1140 0.05224 0.145715748
10/31/2014 1380 0.05604 0.189223767
11/1/2014 1340 0.05498 0.180263586
11/2/2014 1220 0.05259 0.156986199
11/3/2014 1130 0.05091 0.140760244
11/4/2014 1240 0.05231 0.158710214
11/5/2014 1370 0.05426 0.181885814
11/6/2014 823 0.0469 0.094443299
11/7/2014 1927 0.06557 0.309161475
11/8/2014 1830 0.06289 0.281599031
11/9/2014 2290 0.07418 0.415643299
11/10/2014 1430 0.05376 0.188102154
11/11/2014 1430 0.05344 0.186982499
11/12/2014 1360 0.05186 0.172571825
11/13/2014 1140 0.04809 0.134139938
11/14/2014 981 0.04589 0.110150263
11/15/2014 961 0.04542 0.106799443
11/16/2014 963 0.04516 0.106409081
11/17/2014 900 0.04434 0.097642001
11/18/2014 92.5 0.1947 0.044066256
11/19/2014 159 0.09864 0.038375024
11/20/2014 780 0.0429 0.081874822
11/21/2014 470 0.04568 0.052531817
11/22/2014 552 0.04353 0.058793081
11/23/2014 591 0.04273 0.061790093
11/24/2014 1510 0.05073 0.187430508
11/25/2014 3410 0.09998 0.834191928
11/26/2014 3320 0.09639 0.783012213
11/27/2014 2320 0.06716 0.381238844
11/28/2014 1470 0.04879 0.175487677
11/29/2014 1080 0.04283 0.11318016
11/30/2014 966 0.04141 0.09787704
12/1/2014 1000 0.04147 0.101468796
12/2/2014 1148 0.04283 0.120306318
12/3/2014 1170 0.04286 0.122697722
12/4/2014 976 0.04049 0.09669323
12/5/2014 936 0.03991 0.091402074
12/6/2014 967 0.03992 0.09445294
12/7/2014 2080 0.05777 0.294011403
12/8/2014 4170 0.118 1.203972408
12/9/2014 3160 0.08428 0.651643521
12/10/2014 2160 0.05845 0.308913394
12/11/2014 1630 0.04772 0.190320912
12/12/2014 1500 0.04527 0.166149954
12/13/2014 1480 0.04469 0.161834288
12/14/2014 1500 0.04474 0.164204748
12/15/2014 1770 0.04907 0.212514123
12/16/2014 2370 0.06099 0.353675887
12/17/2014 4200 0.11296 1.160840218
12/18/2014 5840 0.17952 2.56521729
12/19/2014 5580 0.16651 2.273385007
12/20/2014 4590 0.12502 1.404076116
12/21/2014 3070 0.07621 0.572464828
12/22/2014 2450 0.06071 0.363935809
12/23/2014 2220 0.05546 0.301252952
12/24/2014 2010 0.05101 0.250870649
12/25/2014 2620 0.06355 0.407394647
12/26/2014 3380 0.08246 0.681959373
12/27/2014 3190 0.07689 0.600148902
12/28/2014 2610 0.06232 0.397984743
12/29/2014 2490 0.05935 0.361591774
12/30/2014 2780 0.06558 0.44608198
12/31/2014 2220 0.05318 0.288868229
1/1/2015 1750 0.04441 0.190159179
1/2/2015 1770 0.04452 0.192808819
1/3/2015 1300 0.03749 0.119249692
1/4/2015 1600 0.04142 0.16215433
1/5/2015 2600 0.05969 0.379728679
1/6/2015 4300 0.10496 1.10430935
1/7/2015 2500 0.05702 0.34879134
1/8/2015 1200 0.03548 0.104174957
1/9/2015 1100 0.0343 0.092317764
1/10/2015 1000 0.03329 0.081453972
1/11/2015 1100 0.03401 0.091537235
1/12/2015 1400 0.03723 0.12753211
1/13/2015 1500 0.03839 0.140898978
1/14/2015 1300 0.0357 0.113555988
1/15/2015 1200 0.03445 0.101150712
1/16/2015 1200 0.03431 0.10073965
1/17/2015 1100 0.0332 0.089357136
1/18/2015 1200 0.03405 0.099976248
1/19/2015 1200 0.03393 0.099623909
1/20/2015 1300 0.0349 0.111011316
1/21/2015 1200 0.03369 0.09891923
1/22/2015 1200 0.03358 0.098596253
1/23/2015 980 0.03154 0.075628631
1/24/2015 1000 0.03159 0.077294412
1/25/2015 840 0.03058 0.062851441
1/26/2015 860 0.03057 0.064326861
1/27/2015 800 0.03027 0.059251709
1/28/2015 660 0.03019 0.048753469
1/29/2015 760 0.03002 0.055824231
1/30/2015 680 0.02998 0.049881444
1/31/2015 680 0.0299 0.049748338
2/1/2015 680 0.02983 0.04963187
2/2/2015 660 0.02981 0.048139811
2/3/2015 660 0.02975 0.048042918
2/4/2015 680 0.02963 0.049299105
2/5/2015 680 0.02957 0.049199276
2/6/2015 660 0.02957 0.047752238
2/7/2015 660 0.02952 0.047671494
2/8/2015 660 0.02947 0.047590749
2/9/2015 680 0.02937 0.048866511
2/10/2015 700 0.02929 0.05016674
2/11/2015 720 0.02923 0.051494374
2/12/2015 684.7 0.02923 0.048969719
2/13/2015 700 0.02918 0.049978337
2/14/2015 780 0.02918 0.055690147
2/15/2015 620 0.02937 0.04455476
2/16/2015 540 0.03003 0.039677798
2/17/2015 680 0.0291 0.048417278
2/18/2015 620 0.02931 0.044463739
2/19/2015 640 0.0292 0.045725798
2/20/2015 660 0.02911 0.04700939
2/21/2015 560 0.02973 0.040736284
2/22/2015 560 0.02973 0.040736284
2/23/2015 600 0.02939 0.043146871
2/24/2015 540 0.02995 0.039572096
2/25/2015 640 0.02917 0.04567882
2/26/2015 580 0.02955 0.041935705
2/27/2015 520 0.03023 0.038462717
2/28/2015 540 0.02998 0.039611735
3/1/2015 560 0.02978 0.040804794
3/2/2015 520 0.03028 0.038526334
3/3/2015 580 0.02963 0.042049237
3/4/2015 440 0.03191 0.034354051
3/5/2015 560 0.02987 0.040928113
3/6/2015 480 0.03106 0.036478852
3/7/2015 500 0.03074 0.037607316
3/8/2015 520 0.03047 0.038768078
3/9/2015 580 0.02984 0.042347257
3/10/2015 660 0.02943 0.047526154
3/11/2015 780 0.02942 0.056148188
3/12/2015 1300 0.03328 0.105858355
3/13/2015 2400 0.04985 0.292735152
3/14/2015 4300 0.09498 0.999307375
3/15/2015 7000 0.1977 3.38612652
3/16/2015 8000 0.24957 4.885183008
3/17/2015 7224 0.20943 3.701818333
3/18/2015 10800 0.44166 11.67105983
3/19/2015 8880 0.30375 6.59975364
3/20/2015 7653 0.23304 4.363757988
3/21/2015 8530 0.28354 5.917821182
3/22/2015 9120 0.32173 7.179345752
3/23/2015 8600 0.2894 6.089693712
3/24/2015 8010 0.2553 5.003591
3/25/2015 7510 0.22867 4.201918268
3/26/2015 5060 0.12261 1.518010869
3/27/2015 6150 0.16521 2.486050342
3/28/2015 6160 0.16618 2.50471282
3/29/2015 5210 0.12917 1.646636943
3/30/2015 4660 0.11061 1.261184954
3/31/2015 5190 0.12935 1.64260168
4/1/2015 4720 0.1134 1.309644806
4/2/2015 4160 0.09607 0.977866556
4/3/2015 5020 0.12464 1.530945143
4/4/2015 9420 0.3572 8.233051363
4/5/2015 10500 0.44249 11.36818759
4/6/2015 8000 0.26668 5.220100992
4/7/2015 7600 0.24468 4.549990982
4/8/2015 8060 0.27251 5.374226392
4/9/2015 8423 0.29629 6.106358059
4/10/2015 9480 0.37067 8.597936775
4/11/2015 8270 0.28912 5.850353608
4/12/2015 7740 0.25816 4.889093973
4/13/2015 7680 0.25583 4.807410002
4/14/2015 7440 0.24324 4.427987662
4/15/2015 7710 0.26001 4.905043928
4/16/2015 7590 0.2542 4.72080209
4/17/2015 7420 0.24561 4.459112426
4/18/2015 7580 0.2561 4.749821138
4/19/2015 7220 0.23671 4.181694242
4/20/2015 6710 0.21042 3.454681452
4/21/2015 7650 0.26421 4.945488064
4/22/2015 7810 0.27538 5.262376313
4/23/2015 7350 0.2491 4.479809418
4/24/2015 7230 0.24347 4.307072923
4/25/2015 7110 0.23791 4.138860317
4/26/2015 6790 0.22144 3.678953672
4/27/2015 5110 0.14319 1.790325762
4/28/2015 3360 0.08377 0.688693945
4/29/2015 2280 0.05737 0.320050248
4/30/2015 1560 0.04418 0.168635413
5/1/2015 2040 0.05306 0.264847504
5/2/2015 2070 0.05396 0.273300709
5/3/2015 1970 0.05228 0.251999847
5/4/2015 1860 0.05047 0.229691393
5/5/2015 1750 0.04873 0.208656987
5/6/2015 1580 0.04606 0.178065381
5/7/2015 1820 0.0506 0.225330706
5/8/2015 1650 0.04781 0.193019488
5/9/2015 1670 0.04845 0.197974258
5/10/2015 1860 0.05229 0.2379743
5/11/2015 3870 0.10682 1.011490971
5/12/2015 5280 0.16379 2.116020044
5/13/2015 4660 0.13791 1.572461956
5/14/2015 3210 0.08739 0.686380985
5/15/2015 2280 0.06303 0.351625713
5/16/2015 1980 0.05671 0.274740895
5/17/2015 1880 0.05497 0.25286112
5/18/2015 2310 0.06492 0.366934851
5/19/2015 2130 0.06109 0.318381776
5/20/2015 3040 0.08549 0.635897873
5/21/2015 2510 0.07118 0.437149692
5/22/2015 1780 0.05463 0.237930258
5/23/2015 1580 0.05108 0.19747242
5/24/2015 1480 0.0496 0.179614694
5/25/2015 1330 0.04741 0.154283708
5/26/2015 1200 0.04576 0.134358682
5/27/2015 1180 0.04577 0.132148242
5/28/2015 1170 0.04592 0.131457756
5/29/2015 969 0.04386 0.103989832
5/30/2015 1110 0.04571 0.124145983
5/31/2015 1610 0.05427 0.213788416
6/1/2015 5600 0.20221 2.770697597
6/2/2015 7640 0.33752 6.309447671
6/3/2015 5500 0.19921 2.680848654
6/4/2015 3240 0.10049 0.79664774
6/5/2015 2270 0.07149 0.397072332
6/6/2015 2600 0.08118 0.516441182
6/7/2015 2400 0.07592 0.445826534
6/8/2015 2270 0.0728 0.404348381
6/9/2015 2793 0.08863 0.605689656
6/10/2015 4810 0.17107 2.013341306
6/11/2015 7490 0.3443 6.309824968
6/12/2015 5990 0.23969 3.512976217
6/13/2015 5280 0.19908 2.571935224
6/14/2015 4000 0.13698 1.340650656
6/15/2015 9760 0.57152 13.64833653
6/16/2015 9930 0.59426 14.4385712
6/17/2015 9220 0.51881 11.70409212
6/18/2015 8090 0.41056 8.126875903
6/19/2015 6020 0.25153 3.704970496
6/20/2015 4960 0.18931 2.297490392
6/21/2015 3020 0.10292 0.760510461
6/22/2015 2340 0.08104 0.463995492
6/23/2015 2360 0.08209 0.474024436
6/24/2015 2790 0.09647 0.658559401
6/25/2015 2610 0.09092 0.580628576
6/26/2015 2010 0.07326 0.360297662
6/27/2015 1930 0.07149 0.337598943
6/28/2015 5990 0.26202 3.840252111
6/29/2015 8160 0.44244 8.833707487
6/30/2015 7070 0.34656 5.995098467
7/1/2015 8070 0.43816 8.651765396
7/2/2015 8580 0.49187 10.32609449
7/3/2015 6870 0.33523 5.635054049
7/4/2015 6290 0.29167 4.488909801
7/5/2015 5040 0.20936 2.581800722
7/6/2015 4400 0.17427 1.876176878
7/7/2015 3840 0.147 1.381169664
7/8/2015 2340 0.08787 0.503100739
7/9/2015 2080 0.08016 0.407961815
7/10/2015 5050 0.21479 2.654018269
7/11/2015 5810 0.26581 3.778730505
7/12/2015 3450 0.13225 1.116383085
7/13/2015 2200 0.08527 0.459004999
7/14/2015 1810 0.07407 0.328034402
7/15/2015 2740 0.10472 0.702067175
7/16/2015 6320 0.30969 4.788976789
7/17/2015 5300 0.23715 3.075370686
7/18/2015 5420 0.24607 3.263295692
7/19/2015 4180 0.17199 1.759049052
7/20/2015 2920 0.11376 0.812776067
7/21/2015 2300 0.09125 0.51352215
7/22/2015 1750 0.07466 0.319686654
7/23/2015 1700 0.07354 0.305894042
7/24/2015 1530 0.06939 0.259768682
7/25/2015 1420 0.06698 0.232719063
7/26/2015 1290 0.06433 0.203049411
7/27/2015 903 0.0583 0.128811541
7/28/2015 975 0.05928 0.141420146
7/29/2015 510 0.06057 0.075583365
7/30/2015 792 0.05799 0.112376826
7/31/2015 950 0.05946 0.138212392
8/1/2015 1060 0.06113 0.158547257
8/2/2015 820 0.05857 0.117513442
8/3/2015 738 0.05845 0.105545409
8/4/2015 728 0.05858 0.10434682
8/5/2015 546 0.06061 0.080972099
8/6/2015 521 0.0614 0.078271664
8/7/2015 537 0.06108 0.080254942
8/8/2015 532 0.06132 0.079820097
8/9/2015 560 0.06075 0.083240136
8/10/2015 759 0.05928 0.110090145
8/11/2015 2180 0.092 0.490730208
8/12/2015 1830 0.0809 0.3622414
8/13/2015 1500 0.07184 0.263667168
8/14/2015 1150 0.06416 0.180534691
8/15/2015 822 0.05992 0.120515274
8/16/2015 505 0.06282 0.077622528
8/17/2015 557 0.06144 0.083734585
8/18/2015 664 0.06002 0.097513006
8/19/2015 694 0.05991 0.101731925
8/20/2015 1070 0.06309 0.165174415
8/21/2015 1590 0.07469 0.290574872
8/22/2015 1360 0.06895 0.22944133
8/23/2015 909 0.06096 0.135583648
8/24/2015 748 0.05996 0.109739176
8/25/2015 732 0.05995 0.107373903
8/26/2015 643 0.06034 0.094932463
8/27/2015 662 0.06017 0.097462259
8/28/2015 496 0.06337 0.076906643
8/29/2015 480 0.06397 0.075130462
8/30/2015 548 0.06176 0.082810674
8/31/2015 419 0.06707 0.068760781
9/1/2015 433 0.06616 0.070094165
9/2/2015 708.7 0.05977 0.103643999
9/3/2015 442 0.06554 0.070880566
9/4/2015 574 0.06096 0.085616077
9/5/2015 543 0.06157 0.081802665
9/6/2015 464 0.06421 0.072898589
9/7/2015 460 0.06431 0.072382706
9/8/2015 460 0.06422 0.072281408
9/9/2015 460 0.06412 0.072168855
9/10/2015 464 0.06383 0.072467169
9/11/2015 610 0.05977 0.089209594
9/12/2015 767 0.05897 0.11066874
9/13/2015 1020 0.0612 0.152739043
9/14/2015 1080 0.062 0.163837728
9/15/2015 960 0.06014 0.14126453
9/16/2015 681 0.05855 0.097560155
9/17/2015 482 0.06215 0.073297075
9/18/2015 482 0.062 0.073120171
9/19/2015 528 0.06033 0.077940954
9/20/2015 639 0.05825 0.091074178
9/21/2015 566 0.05912 0.081874626
9/22/2015 524 0.05994 0.076850465
9/23/2015 632 0.05782 0.089411553
9/24/2015 475 0.06124 0.071174965
9/25/2015 541 0.05895 0.078033223
9/26/2015 487 0.06039 0.071960217
9/27/2015 511 0.05938 0.074243693
9/28/2015 576 0.05765 0.08124942
9/29/2015 568 0.05759 0.080037568
9/30/2015 1290 0.06303 0.198946127
10/1/2015 4860 0.21068 2.505290265
10/2/2015 5940 0.28258 4.107015459
10/3/2015 4470 0.18636 2.038255847
10/4/2015 3450 0.13434 1.134025736
10/5/2015 1990 0.07948 0.386998611
10/6/2015 1220 0.06024 0.179822183
10/7/2015 1060 0.05732 0.148665611
10/8/2015 859 0.0548 0.115178706
10/9/2015 1290 0.06081 0.191938981
10/10/2015 1720 0.07041 0.296320203
10/11/2015 2030 0.07864 0.390605195
10/12/2015 1490 0.06422 0.234128909
10/13/2015 1220 0.05842 0.174389308
10/14/2015 985 0.05457 0.131519048
10/15/2015 924 0.05364 0.121271629
10/16/2015 1100 0.05562 0.149700118
10/17/2015 1040 0.05449 0.138659177
10/18/2015 1340 0.05928 0.194362047
10/19/2015 1170 0.0559 0.16002806
10/20/2015 1090 0.05437 0.145005442
10/21/2015 999 0.05288 0.129257397
10/22/2015 1060 0.05339 0.138472731
10/23/2015 916 0.05144 0.115290867
10/24/2015 984 0.05187 0.124884868
10/25/2015 1060 0.05255 0.1362941
10/26/2015 1400 0.05802 0.19874867
10/27/2015 1670 0.06352 0.259552629
10/28/2015 1600 0.06158 0.24107831
10/29/2015 2370 0.08143 0.47220573
10/30/2015 5400 0.2139 2.826200808
10/31/2015 5390 0.21211 2.797360132
11/1/2015 4550 0.16577 1.845507464
11/2/2015 3890 0.13443 1.27951173
11/3/2015 2700 0.08925 0.58961763
11/4/2015 1737 0.0622 0.264355698
11/5/2015 1880 0.06522 0.300010956
11/6/2015 1800 0.06294 0.277202866
11/7/2015 1610 0.05835 0.229860956
11/8/2015 1420 0.05423 0.188419749
11/9/2015 1410 0.05372 0.185333355
11/10/2015 1430 0.05376 0.188102154
11/11/2015 1490 0.05457 0.198947595
11/12/2015 2830 0.08863 0.613713472
11/13/2015 4050 0.13251 1.313113145
11/14/2015 4060 0.13213 1.312580477
11/15/2015 4230 0.13845 1.432952516
11/16/2015 3700 0.11632 1.053063571
11/17/2015 2580 0.07859 0.496118551
11/18/2015 2800 0.08454 0.579186922
11/19/2015 2260 0.06903 0.381719885
11/20/2015 1620 0.0541 0.214442446
11/21/2015 1640 0.05416 0.217330648
11/22/2015 1650 0.05403 0.218130997
11/23/2015 1470 0.05033 0.181026743
11/24/2015 995 0.04327 0.105343671
11/25/2015 983 0.04288 0.103135165
11/26/2015 880 0.04179 0.089981559
11/27/2015 1010 0.04261 0.105300729
11/28/2015 897 0.04138 0.09081998
11/29/2015 765 0.04052 0.075845417
11/30/2015 1110 0.04292 0.116568488
12/1/2015 1030 0.04177 0.105268921
12/2/2015 887 0.0403 0.087463557
12/3/2015 1500 0.04781 0.175472262
12/4/2015 3260 0.0899 0.717093463
12/5/2015 3233 0.08856 0.70055427
12/6/2015 2220 0.06123 0.332594992
12/7/2015 1890 0.05382 0.248888007
12/8/2015 1403 0.04484 0.15392946
12/9/2015 1460 0.04545 0.162362308
12/10/2015 1360 0.04364 0.145218559
12/11/2015 1350 0.04324 0.142829503
12/12/2015 1180 0.0407 0.117510017
12/13/2015 1050 0.03902 0.100247843
12/14/2015 1170 0.04011 0.114825143
12/15/2015 1100 0.03908 0.105183038
12/16/2015 1060 0.03844 0.099698292
12/17/2015 1480 0.04365 0.158068174
12/18/2015 1320 0.04108 0.132679198
12/19/2015 1800 0.04849 0.213561598
12/20/2015 1790 0.04804 0.210404247
12/21/2015 1540 0.04359 0.164250258
12/22/2015 1560 0.04367 0.166688739
12/23/2015 2910 0.07126 0.507384597
12/24/2015 5100 0.14182 1.769726398
12/25/2015 4470 0.11735 1.283479951
12/26/2015 3810 0.09502 0.885805706
12/27/2015 3720 0.09181 0.835663434
12/28/2015 4360 0.11172 1.191834323
12/29/2015 5370 0.14897 1.957363905
12/30/2015 6500 0.19941 3.171456522
12/31/2015 6610 0.20391 3.297907391
1/1/2016 6180 0.18206 2.752970041
1/2/2016 5610 0.15593 2.14038063
1/3/2016 4970 0.12985 1.579053391
1/4/2016 4500 0.11258 1.239573348
1/5/2016 4350 0.10708 1.139714546
1/6/2016 4030 0.09652 0.951745498
1/7/2016 3680 0.08587 0.773192715
1/8/2016 2690 0.06083 0.40037649
1/9/2016 2050 0.04784 0.23996257
1/10/2016 2620 0.05879 0.376880115
1/11/2016 5100 0.12999 1.622103613
1/12/2016 4950 0.12402 1.502088073
1/13/2016 4420 0.10563 1.142373239
1/14/2016 3940 0.09064 0.873805131
1/15/2016 3090 0.06805 0.514499647
1/16/2016 2820 0.06165 0.42538352
1/17/2016 3600 0.08026 0.706968605
1/18/2016 2800 0.06076 0.41626919
1/19/2016 2600 0.05633 0.358353434
1/20/2016 2500 0.05413 0.33111321
1/21/2016 2400 0.05199 0.305301917
1/22/2016 2300 0.04994 0.281044342
1/23/2016 2200 0.04796 0.258166762
1/24/2016 2100 0.04606 0.236669177
1/25/2016 2000 0.04424 0.216492864
1/26/2016 1900 0.04249 0.197532611
1/27/2016 1700 0.03933 0.163595495
1/28/2016 2200 0.04726 0.25439869
1/29/2016 2300 0.04891 0.275247872
1/30/2016 2000 0.04362 0.213458832
1/31/2016 2100 0.04517 0.232096108
2/1/2016 2200 0.04677 0.251761039
2/2/2016 3620 0.07699 0.681932458
2/3/2016 4780 0.11009 1.287580053
2/4/2016 6540 0.17658 2.825645874
2/5/2016 6560 0.17711 2.842794027
2/6/2016 5230 0.12448 1.592941183
2/7/2016 4000 0.08617 0.843363024
2/8/2016 3260 0.06745 0.538019512
2/9/2016 2590 0.05317 0.336949562
2/10/2016 2330 0.04826 0.275132383
2/11/2016 2190 0.04575 0.245151009
2/12/2016 1320 0.03326 0.10742235
2/13/2016 951 0.02994 0.06966759
2/14/2016 787 0.0292 0.056228443
2/15/2016 787 0.02917 0.056170674
2/16/2016 704 0.02909 0.050108898
2/17/2016 607 0.02941 0.043679956
2/18/2016 1070 0.03066 0.08027021
2/19/2016 2060 0.04326 0.21804805
2/20/2016 1980 0.04197 0.203330548
2/21/2016 2490 0.0507 0.308891372
2/22/2016 4820 0.10895 1.284910105
2/23/2016 4750 0.10674 1.240564302
2/24/2016 4470 0.09821 1.074142019
2/25/2016 9150 0.31184 6.981542525
2/26/2016 10900 0.43791 11.67911225
2/27/2016 8870 0.29445 6.390482506
2/28/2016 8790 0.28969 6.230470595
2/29/2016 11000 0.4466 12.02014968
3/1/2016 10900 0.43878 11.70231525
3/2/2016 9450 0.33239 7.685608001
3/3/2016 8300 0.26162 5.313094073
3/4/2016 7700 0.22918 4.317833705
3/5/2016 7040 0.19671 3.388422597
3/6/2016 6080 0.15507 2.306905678
3/7/2016 5067 0.11792 1.461964566
3/8/2016 4180 0.09073 0.927952326
3/9/2016 3900 0.08319 0.793842239
3/10/2016 3860 0.08226 0.776916744
3/11/2016 4630 0.10451 1.183960765
3/12/2016 6760 0.18573 3.072042549
3/13/2016 6150 0.15966 2.402534941
3/14/2016 4800 0.1105 1.29778272
3/15/2016 3840 0.0825 0.77514624
3/16/2016 3340 0.0701 0.572879071
3/17/2016 3180 0.06652 0.517580412
3/18/2016 2870 0.05983 0.420145166
3/19/2016 2350 0.04967 0.285601507
3/20/2016 2240 0.04781 0.262038578
3/21/2016 1980 0.0435 0.210742884
3/22/2016 1890 0.04218 0.195059385
3/23/2016 1840 0.04152 0.18692769
3/24/2016 1780 0.04072 0.177347979
3/25/2016 2170 0.04725 0.250876521
3/26/2016 2230 0.04847 0.264469963
3/27/2016 2310 0.05009 0.28311409
3/28/2016 2150 0.04736 0.249142963
3/29/2016 1970 0.04443 0.214161308
3/30/2016 2370 0.05175 0.300093903
3/31/2016 2280 0.05023 0.280218302
4/1/2016 2030 0.04593 0.228134494
4/2/2016 2190 0.04894 0.262244598
4/3/2016 2570 0.05652 0.35541336
4/4/2016 2523 0.05579 0.34440709
4/5/2016 2440 0.05432 0.324300829
4/6/2016 2460 0.05495 0.330751084
4/7/2016 2850 0.06353 0.443018831
4/8/2016 3740 0.08637 0.790374634
4/9/2016 4540 0.11134 1.236817272
4/10/2016 4170 0.09989 1.019193253
4/11/2016 3150 0.07181 0.55346983
4/12/2016 3320 0.07646 0.621113329
4/13/2016 5160 0.13575 1.713909996
4/14/2016 5490 0.14947 2.007820346
4/15/2016 4940 0.1287 1.55562161
4/16/2016 4530 0.11465 1.270781059
4/17/2016 3810 0.09209 0.858491344
4/18/2016 2330 0.05534 0.315495775
4/19/2016 1210 0.03712 0.109898511
4/20/2016 783 0.03402 0.065177026
4/21/2016 1430 0.04033 0.141111605
4/22/2016 1680 0.04435 0.182306174
4/23/2016 1510 0.04192 0.154880483
4/24/2016 1540 0.04259 0.160482186
4/25/2016 1270 0.03904 0.121314301
4/26/2016 1540 0.04306 0.16225318
4/27/2016 1800 0.04762 0.209729909
4/28/2016 1850 0.04878 0.220806572
4/29/2016 1490 0.04301 0.156802933
4/30/2016 1580 0.04466 0.172653059
5/1/2016 1490 0.04349 0.158552885
5/2/2016 2600 0.06587 0.419043862
5/3/2016 7467 0.27145 4.959460883
5/4/2016 6990 0.24401 4.173335239
5/5/2016 5380 0.16218 2.134902489
5/6/2016 3650 0.09693 0.865664383
5/7/2016 2670 0.06956 0.454432419
5/8/2016 2540 0.06675 0.414842706
5/9/2016 2280 0.06102 0.340412518
5/10/2016 1970 0.05469 0.263616519
5/11/2016 1770 0.05107 0.221175795
5/12/2016 1640 0.04898 0.196544593
5/13/2016 1710 0.05056 0.211544456
5/14/2016 1640 0.04958 0.198952244
5/15/2016 1860 0.05411 0.246257207
5/16/2016 1740 0.05207 0.221684484
5/17/2016 1560 0.04906 0.187262412
5/18/2016 1410 0.04682 0.161528438
5/19/2016 1360 0.04631 0.154103379
5/20/2016 1350 0.04644 0.153399679
5/21/2016 1290 0.04581 0.144593401
5/22/2016 1290 0.0461 0.145508749
5/23/2016 1250 0.04579 0.140048715
5/24/2016 1320 0.04713 0.152219343
5/25/2016 1230 0.04607 0.138650613
5/26/2016 1200 0.04594 0.13488719
5/27/2016 1100 0.0449 0.120847452
5/28/2016 1110 0.04531 0.123059604
5/29/2016 1200 0.0468 0.137412288
5/30/2016 1650 0.05493 0.221764495
5/31/2016 1470 0.05181 0.186350001
6/1/2016 1190 0.04753 0.138392721
6/2/2016 1230 0.04841 0.145692993
6/3/2016 1110 0.04702 0.127703875
6/4/2016 943 0.04544 0.104845184
6/5/2016 1090 0.04734 0.126256348
6/6/2016 1070 0.04738 0.124044441
6/7/2016 1177 0.0491 0.141402285
6/8/2016 1080 0.04808 0.127053516
6/9/2016 933 0.04675 0.106723911
6/10/2016 1010 0.04781 0.118151323
6/11/2016 709 0.04633 0.080372413
6/12/2016 767 0.04662 0.087491549
6/13/2016 586 0.04772 0.068422119
6/14/2016 547 0.04863 0.065086373
6/15/2016 444 0.05194 0.056426536
6/16/2016 331 0.05994 0.048544855
6/17/2016 498 0.05065 0.061717349
6/18/2016 582 0.04919 0.07004841
6/19/2016 288 0.06648 0.04684702
6/20/2016 380 0.05706 0.053053475
6/21/2016 427 0.05456 0.057003393
6/22/2016 1060 0.05187 0.134530447
6/23/2016 904 0.05042 0.111524361
6/24/2016 385 0.05798 0.054618204
6/25/2016 457 0.0544 0.060829405
6/26/2016 532 0.05235 0.068143869
6/27/2016 234 0.08103 0.046393824
6/28/2016 264 0.07422 0.047942795
6/29/2016 163 0.11484 0.045801453
6/30/2016 186 0.10099 0.045961034
7/1/2016 149 0.12792 0.046636204
7/2/2016 115 0.17547 0.0493741
7/3/2016 85.6 0.26489 0.055480172
7/4/2016 483 0.05595 0.066121956
7/5/2016 449 0.05759 0.063269134
7/6/2016 392.3 0.0611 0.058648646
7/7/2016 250 0.08083 0.049443711
7/8/2016 379 0.06267 0.058116222
7/9/2016 276 0.07586 0.051229532
7/10/2016 377 0.06339 0.0584737
7/11/2016 340 0.06716 0.05587121
7/12/2016 284 0.07536 0.052367001
7/13/2016 374 0.06446 0.058987552
7/14/2016 217 0.09355 0.049670896
7/15/2016 192 0.10495 0.049303999
7/16/2016 344 0.06812 0.05733655
7/17/2016 299 0.07433 0.054379323
7/18/2016 269 0.08018 0.05277361
7/19/2016 341 0.06923 0.05776266
7/20/2016 185 0.11085 0.050177139
7/21/2016 323 0.07192 0.056839555
7/22/2016 128 0.1671 0.052334116
7/23/2016 224 0.09414 0.051596552
7/24/2016 233 0.09141 0.052113243
7/25/2016 226 0.09404 0.052001938
7/26/2016 186 0.11248 0.051190188
7/27/2016 75.7 0.35105 0.06502245
7/28/2016 123 0.17881 0.053814014
7/29/2016 544 0.0597 0.079464234
7/30/2016 234 0.09271 0.053081222
7/31/2016 258 0.08613 0.054371664
8/1/2016 261 0.08561 0.054671813
8/2/2016 353.3 0.07085 0.061246597
8/3/2016 363 0.07003 0.062199834
8/4/2016 334 0.07339 0.059976598
8/5/2016 357 0.07093 0.061957894
8/6/2016 231 0.09521 0.05381372
8/7/2016 251 0.08931 0.054849451
8/8/2016 292 0.08032 0.057385877
8/9/2016 396 0.06797 0.065858362
8/10/2016 250 0.09004 0.055077468
8/11/2016 153 0.1427 0.053421229
8/12/2016 122 0.18639 0.055639204
8/13/2016 170 0.1279 0.053200772
8/14/2016 315 0.07721 0.05950899
8/15/2016 486 0.06348 0.075486912
8/16/2016 638 0.06015 0.093897663
8/17/2016 341 0.07395 0.061700833
8/18/2016 392 0.069 0.066181046
8/19/2016 249 0.09118 0.055551707
8/20/2016 250 0.09094 0.055627998
8/21/2016 570 0.06133 0.085535479
8/22/2016 487 0.06372 0.075928217
8/23/2016 335 0.0749 0.061393882
8/24/2016 532 0.06226 0.081043693
8/25/2016 444 0.06572 0.071396841
8/26/2016 410 0.0678 0.068016146
8/27/2016 370 0.07105 0.064322702
8/28/2016 370 0.07103 0.064304595
8/29/2016 372 0.07081 0.064451942
8/30/2016 336 0.07466 0.061379838
8/31/2016 365 0.07139 0.063757124
9/1/2016 401 0.06825 0.066964634
9/2/2016 391 0.06897 0.065983516
9/3/2016 368 0.07092 0.063857957
9/4/2016 303 0.07908 0.058628362
9/5/2016 261 0.0875 0.055878795
9/6/2016 315 0.07701 0.059354841
9/7/2016 88.5 0.28668 0.062078203
9/8/2016 221 0.09945 0.053776871
9/9/2016 364 0.07074 0.063003534
9/10/2016 369 0.07014 0.063327246
9/11/2016 346 0.07239 0.061284853
9/12/2016 294 0.07964 0.057289767
9/13/2016 220 0.09893 0.053253623
9/14/2016 327 0.07427 0.059423694
9/15/2016 269 0.08411 0.055360294
9/16/2016 311 0.07618 0.057969537
9/17/2016 295 0.07859 0.056726734
9/18/2016 482 0.06195 0.073061203
9/19/2016 1190 0.06317 0.183931584
9/20/2016 1750 0.07642 0.327222798
9/21/2016 616 0.05828 0.087841294
9/22/2016 485 0.06116 0.07257845
9/23/2016 379 0.06711 0.062233599
9/24/2016 406 0.06486 0.064431976
9/25/2016 354 0.06901 0.059774198
9/26/2016 372 0.06707 0.061047758
9/27/2016 367 0.0673 0.060433758
9/28/2016 301 0.07506 0.055280699
9/29/2016 316 0.07257 0.056110311
9/30/2016 191 0.10696 0.049986558
10/1/2016 380 0.06523 0.06064981
10/2/2016 407 0.06301 0.062748357
10/3/2016 382 0.06457 0.060352133
10/4/2016 401 0.06292 0.061735015
10/5/2016 447 0.06002 0.06564505
10/6/2016 440 0.06012 0.064724711
10/7/2016 517 0.05694 0.072028849
10/8/2016 792 0.05436 0.105342374
10/9/2016 720 0.05401 0.095149201
10/10/2016 816 0.054 0.107815795
10/11/2016 696 0.05358 0.091245283
10/12/2016 470 0.05724 0.065825771
10/13/2016 473 0.05686 0.065806148
10/14/2016 208 0.09315 0.047407239
10/15/2016 417 0.05895 0.060147605
10/16/2016 272 0.07444 0.049542023
10/17/2016 358 0.06262 0.054852265
10/18/2016 604 0.05248 0.077558471
10/19/2016 574 0.05264 0.073930943
10/20/2016 998 0.05308 0.129616392
10/21/2016 1800 0.06873 0.302703415
10/22/2016 5040 0.20173 2.487708539
10/23/2016 6730 0.3134 5.160746518
10/24/2016 6142 0.26898 4.042297501
10/25/2016 5000 0.19632 2.40177888
10/26/2016 4350 0.16119 1.71563866
10/27/2016 4150 0.15075 1.530748665
10/28/2016 3890 0.13813 1.314728523
10/29/2016 4090 0.14634 1.464484672
10/30/2016 3820 0.13358 1.248542338
10/31/2016 3470 0.11844 1.005602502
11/1/2016 2590 0.08669 0.549372908
11/2/2016 2294 0.07734 0.434106265
11/3/2016 2100 0.07155 0.367643934
11/4/2016 2890 0.09486 0.670778965
11/5/2016 3030 0.09906 0.734411424
11/6/2016 2110 0.07057 0.364335126
11/7/2016 1680 0.05981 0.245856421
11/8/2016 1440 0.05456 0.192236268
11/9/2016 1300 0.05172 0.164513045
11/10/2016 1200 0.04981 0.14625013
11/11/2016 1250 0.05029 0.153811965
11/12/2016 1100 0.04781 0.128679659
11/13/2016 1130 0.04792 0.132493241
11/14/2016 925 0.04533 0.102594936
11/15/2016 1000 0.04577 0.111990036
11/16/2016 976 0.04525 0.108060475
11/17/2016 847 0.04396 0.091104445
11/18/2016 795 0.04345 0.084519201
11/19/2016 897 0.04374 0.09599966
11/20/2016 1010 0.04448 0.109922001
11/21/2016 1150 0.04588 0.129098062
11/22/2016 1010 0.04393 0.108562803
11/23/2016 712 0.04202 0.07320395
11/24/2016 874 0.04225 0.09035176
11/25/2016 1170 0.04502 0.128881275
11/26/2016 1120 0.0441 0.120852346
11/27/2016 1630 0.05196 0.207231237
11/28/2016 1430 0.04809 0.168263255
11/29/2016 1140 0.04353 0.121420493
11/30/2016 1060 0.04232 0.109761491
12/1/2016 1380 0.0464 0.156673498
12/2/2016 1930 0.05629 0.265819618
12/3/2016 2050 0.05851 0.293482649
12/4/2016 1780 0.05259 0.229045437
12/5/2016 1850 0.05365 0.242851017
12/6/2016 1440 0.04594 0.161864628
12/7/2016 1690 0.04995 0.206547845
12/8/2016 1980 0.0553 0.267909919
12/9/2016 2470 0.06592 0.398393848
12/10/2016 1940 0.05383 0.255519813
12/11/2016 1500 0.04553 0.167104206
12/12/2016 1390 0.04355 0.148115815
12/13/2016 1250 0.04133 0.126407805
12/14/2016 1420 0.04349 0.151104091
12/15/2016 1380 0.04265 0.144011308
12/16/2016 1060 0.03843 0.099672355
12/17/2016 1170 0.0394 0.112792586
12/18/2016 1830 0.04931 0.220792626
12/19/2016 3610 0.09249 0.816959361
12/20/2016 5780 0.17468 2.470412599
12/21/2016 6240 0.19583 2.989938707
12/22/2016 6140 0.18983 2.85188291
12/23/2016 5520 0.16021 2.163850091
12/24/2016 4290 0.11168 1.172279497
12/25/2016 3310 0.08096 0.655687592
12/26/2016 3150 0.07624 0.587613701
12/27/2016 4100 0.10363 1.039603724
12/28/2016 5580 0.15858 2.165115576
12/29/2016 5600 0.15863 2.17356095
12/30/2016 4760 0.12461 1.45130376
12/31/2016 4120 0.10217 1.029956971
1/1/2017 3690 0.08863 0.800212972
1/2/2017 3180 0.07434 0.578426456
1/3/2017 2290 0.05378 0.30133859
1/4/2017 3433 0.08025 0.674089118
1/5/2017 6230 0.1809 2.757560728
1/6/2017 5460 0.14688 1.962247473
1/7/2017 4550 0.1127 1.254682338
1/8/2017 3940 0.09295 0.896074436
1/9/2017 4000 0.09432 0.923128704
1/10/2017 3360 0.07618 0.626294673
1/11/2017 3210 0.07208 0.566132754
1/12/2017 3080 0.06863 0.517205563
1/13/2017 6160 0.17159 2.586253898
1/14/2017 8040 0.26753 5.262922928
1/15/2017 7560 0.23916 4.423935761
1/16/2017 6540 0.1867 2.987586842
1/17/2017 6697 0.19334 3.168111697
1/18/2017 8470 0.28939 5.997432958
1/19/2017 8850 0.31253 6.767580875
1/20/2017 8620 0.2967 6.257823127
1/21/2017 7870 0.25105 4.834298132
1/22/2017 7560 0.23323 4.31424376
1/23/2017 7040 0.20582 3.545346647
1/24/2017 6470 0.17846 2.825163854
1/25/2017 5790 0.14928 2.11484558
1/26/2017 5610 0.14183 1.946836303
1/27/2017 5960 0.15522 2.263562084
1/28/2017 5500 0.13688 1.842048912
1/29/2017 4720 0.10945 1.264026667
1/30/2017 4010 0.08792 0.862641851
1/31/2017 3150 0.06601 0.508766794
2/1/2017 2760 0.05741 0.387699375
2/2/2017 2690 0.05585 0.367598668
2/3/2017 2320 0.04868 0.27633572
2/4/2017 2370 0.04948 0.286930364
2/5/2017 2280 0.04777 0.26649469
2/6/2017 1863 0.04081 0.186027831
2/7/2017 2140 0.04517 0.236516986
2/8/2017 2410 0.04985 0.293954882
2/9/2017 6000 0.15248 2.238528384
2/10/2017 6050 0.15425 2.283384345
2/11/2017 5450 0.13125 1.750226625
2/12/2017 5150 0.12058 1.519430992
2/13/2017 7000 0.19479 3.336285204
2/14/2017 7080 0.19835 3.436085282
2/15/2017 6760 0.18342 3.033834299
2/16/2017 6530 0.17315 2.766522133
2/17/2017 5820 0.14415 2.0527502
2/18/2017 5300 0.12509 1.622172124
2/19/2017 5610 0.13611 1.868320448
2/20/2017 5930 0.14817 2.149876171
2/21/2017 5650 0.1375 1.90085775
2/22/2017 5167 0.12032 1.521159509
2/23/2017 4620 0.10272 1.161169068
2/24/2017 4650 0.10363 1.179062761
2/25/2017 6490 0.17096 2.714798983
2/26/2017 7110 0.19893 3.46073508
2/27/2017 6800 0.18468 3.072750163
2/28/2017 5900 0.14708 2.12326453
3/1/2017 4850 0.11008 1.306317158
3/2/2017 3840 0.08089 0.760019144
3/3/2017 3220 0.06588 0.519048492
3/4/2017 2730 0.05551 0.3707937
3/5/2017 2130 0.04457 0.232284756
3/6/2017 1740 0.03858 0.164251727
3/7/2017 2120 0.04451 0.230882984
3/8/2017 3320 0.06854 0.556776191
3/9/2017 5220 0.12335 1.575462712
3/10/2017 4710 0.10669 1.229541223
3/11/2017 3730 0.0789 0.7200859
3/12/2017 2860 0.05878 0.411333505
3/13/2017 2190 0.04611 0.247080066
3/14/2017 2190 0.0462 0.24756233
3/15/2017 2130 0.04527 0.235932935
3/16/2017 2530 0.0526 0.32561525
3/17/2017 3250 0.06802 0.540901842
3/18/2017 3160 0.0661 0.511077797
3/19/2017 2620 0.05473 0.350853014
3/20/2017 2100 0.04528 0.232661318
3/21/2017 2300 0.04891 0.275247872
3/22/2017 3990 0.08787 0.857851261
3/23/2017 4690 0.10915 1.252549952
3/24/2017 3930 0.0867 0.833700611
3/25/2017 5810 0.15021 2.135371541
3/26/2017 10500 0.42696 10.96920014
3/27/2017 11330 0.49925 13.84033032
3/28/2017 7960 0.25565 4.979174383
3/29/2017 6710 0.19148 3.143724001
3/30/2017 5330 0.13403 1.747944739
3/31/2017 5770 0.1516 2.140294258
4/1/2017 10200 0.41162 10.27294852
4/2/2017 10700 0.45404 11.88711227
4/3/2017 9330 0.34941 7.9765565
4/4/2017 9033 0.33013 7.296514905
4/5/2017 8790 0.31504 6.775682475
4/6/2017 7700 0.24929 4.696713344
4/7/2017 11700 0.5548 15.88257029
4/8/2017 13570 0.76085 25.26256037
4/9/2017 10200 0.42501 10.60712757
4/10/2017 9250 0.35383 8.008199007
4/11/2017 8640 0.31307 6.618410001
4/12/2017 8590 0.31116 6.539964614
4/13/2017 8110 0.2817 5.589927472
4/14/2017 7840 0.2665 5.112246048
4/15/2017 7170 0.22941 4.024667182
4/16/2017 6750 0.20833 3.440757447
4/17/2017 6590 0.20124 3.244876671
4/18/2017 6770 0.21141 3.501971979
4/19/2017 6750 0.21142 3.491791578
4/20/2017 6480 0.19875 3.15123372
4/21/2017 11400 0.56166 15.66667444
4/22/2017 11400 0.56456 15.74756565
4/23/2017 8370 0.31326 6.415475834
4/24/2017 7160 0.23948 4.195471194
4/25/2017 5610 0.16267 2.232897563
4/26/2017 5340 0.1519 1.984712033
4/27/2017 6140 0.18914 2.841516797
4/28/2017 6010 0.18388 2.70400468
4/29/2017 6180 0.19322 2.921722901
4/30/2017 5840 0.17781 2.540782567
5/1/2017 5790 0.17646 2.499903879
5/2/2017 8730 0.35541 7.591758051
5/3/2017 8730 0.35744 7.635119996
5/4/2017 7870 0.29816 5.741463179
5/5/2017 7510 0.27631 5.077325563
5/6/2017 9550 0.43035 10.05596263
5/7/2017 10100 0.48223 11.91719568
5/8/2017 9410 0.42338 9.748065391
5/9/2017 8330 0.33982 6.926158228
5/10/2017 6990 0.2518 4.306568638
5/11/2017 6300 0.2136 3.292609824
5/12/2017 6470 0.22431 3.551005851
5/13/2017 6230 0.21235 3.236970815
5/14/2017 5860 0.19405 2.782337024
5/15/2017 5140 0.16037 2.016901644
5/16/2017 3810 0.10801 1.006902487
5/17/2017 2860 0.07877 0.551220487
5/18/2017 2160 0.0614 0.324504403
5/19/2017 2130 0.06109 0.318381776
5/20/2017 1880 0.056 0.257599104
5/21/2017 1740 0.05349 0.227730038
5/22/2017 1660 0.05227 0.212304432
5/23/2017 1720 0.05376 0.226248745
5/24/2017 1650 0.05273 0.212882611
5/25/2017 2030 0.06109 0.303434274
5/26/2017 5400 0.18451 2.437878967
5/27/2017 6300 0.23558 3.631428007
5/28/2017 4930 0.16363 1.973823528
5/29/2017 3230 0.09652 0.762813389
5/30/2017 2370 0.07149 0.414564505
5/31/2017 2080 0.0646 0.328771622
6/1/2017 1870 0.0601 0.274988512
6/2/2017 1730 0.05741 0.243014463
6/3/2017 1440 0.05204 0.18335732
6/4/2017 1330 0.05044 0.164144067
6/5/2017 1430 0.0525 0.18369351
6/6/2017 1530 0.05471 0.204812575
6/7/2017 1400 0.0526 0.180182352
6/8/2017 1510 0.05499 0.203169793
6/9/2017 1440 0.05398 0.1901927
6/10/2017 986 0.04739 0.114330498
6/11/2017 968 0.04749 0.112480179
6/12/2017 969 0.04779 0.113307662
6/13/2017 1180 0.05079 0.146642107
6/14/2017 1020 0.04892 0.122091405
6/15/2017 1050 0.04957 0.12735227
6/16/2017 6030 0.24791 3.657714714
6/17/2017 6970 0.31542 5.379234502
6/18/2017 4680 0.17253 1.975645171
6/19/2017 3740 0.1297 1.18688885
6/20/2017 3140 0.1067 0.819770978
6/21/2017 2980 0.10149 0.740010681
6/22/2017 2360 0.08164 0.471425935
6/23/2017 1620 0.06241 0.247381757
6/24/2017 1510 0.06032 0.222862374
6/25/2017 2210 0.0785 0.424483098
6/26/2017 2140 0.0769 0.402660089
6/27/2017 1550 0.06217 0.235782212
6/28/2017 1290 0.05716 0.180418224
6/29/2017 1320 0.05803 0.187423901
6/30/2017 1420 0.06033 0.20961393
7/1/2017 1820 0.07005 0.311944979
7/2/2017 4420 0.17199 1.860047083
7/3/2017 3900 0.14704 1.403132141
7/4/2017 3150 0.1152 0.887894784
7/5/2017 1980 0.07581 0.367273978
7/6/2017 1320 0.06007 0.194012644
7/7/2017 1130 0.05692 0.157377197
7/8/2017 1360 0.06144 0.204450693
7/9/2017 1660 0.06861 0.278672414
7/10/2017 1490 0.06483 0.236352806
7/11/2017 1453 0.0643 0.228599386
7/12/2017 1120 0.05803 0.15902634
7/13/2017 3200 0.12203 0.955465613
7/14/2017 9040 0.57169 12.64525227
7/15/2017 7850 0.44431 8.534031008
7/16/2017 6100 0.29272 4.368986506
7/17/2017 4840 0.2081 2.464426747
7/18/2017 4280 0.17672 1.850665563
7/19/2017 2480 0.09679 0.587327915
7/20/2017 2060 0.08318 0.419261137
7/21/2017 2590 0.10147 0.643036902
7/22/2017 3220 0.12713 1.001618622
7/23/2017 2360 0.09393 0.542393901
7/24/2017 2620 0.10361 0.664203924
7/25/2017 3420 0.13737 1.149519853
7/26/2017 2700 0.10731 0.708928492
7/27/2017 2320 0.09372 0.532008703
7/28/2017 1810 0.07778 0.344464908
7/29/2017 1730 0.07573 0.320562364
7/30/2017 1360 0.06659 0.22158808
7/31/2017 985 0.0599 0.14436487
8/1/2017 933 0.05941 0.135624974
8/2/2017 607 0.05909 0.087760917
8/3/2017 490 0.06203 0.074369752
8/4/2017 1200 0.06403 0.188002325
8/5/2017 1550 0.07216 0.273669686
8/6/2017 1990 0.08499 0.413827529
8/7/2017 1570 0.07296 0.280274089
8/8/2017 1897 0.08239 0.382419743
8/9/2017 1090 0.06265 0.167088302
8/10/2017 565 0.06075 0.083983352
8/11/2017 988 0.06129 0.1481648
8/12/2017 855 0.05993 0.125374399
8/13/2017 952 0.061 0.14209057
8/14/2017 840 0.05997 0.123257061
8/15/2017 797 0.05979 0.116596455
8/16/2017 866 0.0603 0.127771407
8/17/2017 893 0.0606 0.132410539
8/18/2017 937 0.06112 0.140126866
8/19/2017 858 0.06038 0.126759019
8/20/2017 757 0.0599 0.110948433
8/21/2017 598 0.06083 0.089005629
8/22/2017 767 0.05997 0.112545435
8/23/2017 1120 0.06401 0.175414028
8/24/2017 1520 0.0729 0.271125014
8/25/2017 1190 0.06534 0.190249955
8/26/2017 880 0.06068 0.130655205
8/27/2017 806 0.06013 0.118583624
8/28/2017 684 0.06003 0.10046688
8/29/2017 534 0.06215 0.081204643
8/30/2017 563 0.06143 0.084622798
8/31/2017 702 0.05988 0.102853098
9/1/2017 657 0.06006 0.096549309
9/2/2017 496 0.06318 0.076676057
9/3/2017 715 0.0597 0.104442881
9/4/2017 528 0.06203 0.080137202
9/5/2017 939 0.06091 0.139943478
9/6/2017 904.3 0.06045 0.133754163
9/7/2017 1030 0.06197 0.156177042
9/8/2017 1040 0.06204 0.157871451
9/9/2017 898 0.06013 0.132119223
9/10/2017 801 0.0593 0.116221287
9/11/2017 697 0.05909 0.100773244
9/12/2017 740 0.05892 0.106682437
9/13/2017 514 0.06158 0.077446407
9/14/2017 370 0.06955 0.062964728
9/15/2017 508 0.06151 0.076455355
9/16/2017 1580 0.0726 0.280667534
9/17/2017 932 0.05953 0.13575326
9/18/2017 761 0.05817 0.108313401
9/19/2017 642 0.05838 0.091705966
9/20/2017 579 0.05904 0.083641803
9/21/2017 582 0.05882 0.083761892
9/22/2017 457 0.06239 0.069763724
9/23/2017 336 0.07149 0.058773702
9/24/2017 356 0.06908 0.06017288
9/25/2017 368 0.06771 0.060967601
9/26/2017 266 0.08228 0.053551839
9/27/2017 262 0.08292 0.053156828
9/28/2017 536 0.05849 0.076708746
9/29/2017 469 0.06047 0.0693923
9/30/2017 457 0.06078 0.067963442
10/1/2017 353 0.06774 0.05850842
10/2/2017 422 0.06214 0.064162632
10/3/2017 686 0.0555 0.093157016
10/4/2017 449 0.06023 0.066169473
10/5/2017 646 0.0553 0.087408994
10/6/2017 627 0.05524 0.084746092
10/7/2017 815 0.05475 0.109179275
10/8/2017 762 0.05432 0.101277554
10/9/2017 1930 0.07644 0.360974447
10/10/2017 2060 0.07988 0.402627791
10/11/2017 1500 0.06474 0.237608748
10/12/2017 2690 0.09976 0.656609546
10/13/2017 3370 0.12584 1.037640901
10/14/2017 2750 0.10099 0.679531413
10/15/2017 2220 0.08285 0.450032584
10/16/2017 1770 0.06976 0.302119119
10/17/2017 1620 0.06571 0.260462349
10/18/2017 1310 0.05869 0.188119527
10/19/2017 1080 0.0545 0.144018648
10/20/2017 801 0.05145 0.100836176
10/21/2017 845 0.05142 0.106313215
10/22/2017 875 0.05137 0.109980602
10/23/2017 987 0.05219 0.126038412
10/24/2017 990 0.05194 0.125815924
10/25/2017 1020 0.05203 0.129853144
10/26/2017 888 0.05038 0.109463568
10/27/2017 980 0.05099 0.122267085
10/28/2017 1000 0.05094 0.124639992
10/29/2017 1680 0.06305 0.259174843
10/30/2017 8420 0.44504 9.168739002
10/31/2017 10300 0.64712 16.30874412
11/1/2017 7250 0.3383 6.00120519
11/2/2017 6320 0.26811 4.145992983
11/3/2017 8380 0.43131 8.843659601
11/4/2017 8600 0.44951 9.458805185
11/5/2017 9080 0.49409 10.97716986
11/6/2017 14000 1.17965 40.40914668
11/7/2017 12500 0.92035 28.14890475
11/8/2017 8690 0.44754 9.515905178
11/9/2017 7790 0.36559 6.968354517
11/10/2017 7520 0.34175 6.288178128
11/11/2017 6840 0.28929 4.84158984
11/12/2017 6320 0.25276 3.908624022
11/13/2017 6570 0.26749 4.300029075
11/14/2017 7040 0.29811 5.135085458
11/15/2017 6700 0.27288 4.473474653
11/16/2017 5960 0.22485 3.278971361
11/17/2017 4980 0.17092 2.082671139
11/18/2017 4190 0.13426 1.376445872
11/19/2017 3790 0.11759 1.090455813
11/20/2017 5330 0.18517 2.414884185
11/21/2017 5630 0.19976 2.751790684
11/22/2017 5200 0.17639 2.24427347
11/23/2017 4300 0.13467 1.416895391
11/24/2017 3650 0.10893 0.972834223
11/25/2017 3070 0.08902 0.668689398
11/26/2017 2860 0.08219 0.575153127
11/27/2017 2720 0.0777 0.517116499
11/28/2017 2410 0.069 0.406878372
11/29/2017 2120 0.06159 0.319480633
11/30/2017 1850 0.05535 0.250546203
12/1/2017 1790 0.05379 0.235587936
12/2/2017 1780 0.05326 0.231963491
12/3/2017 2080 0.0592 0.301289165
12/4/2017 1263 0.04386 0.135540926
12/5/2017 1010 0.04055 0.100209917
12/6/2017 614 0.0392 0.05889154
12/7/2017 1420 0.04536 0.157601324
12/8/2017 1780 0.05135 0.22364486
12/9/2017 1690 0.04937 0.204149492
12/10/2017 1520 0.04614 0.171600935
12/11/2017 1440 0.04459 0.157108049
12/12/2017 1450 0.04448 0.157808813
12/13/2017 1100 0.03954 0.106421119
12/14/2017 960 0.03798 0.089212285
12/15/2017 983 0.03795 0.091277507
12/16/2017 1190 0.03988 0.116118277
12/17/2017 1290 0.04092 0.129158742
12/18/2017 1110 0.03851 0.104591157
12/19/2017 1650 0.04588 0.185227654
12/20/2017 3710 0.09505 0.862828541
12/21/2017 4170 0.10942 1.11642933
12/22/2017 3470 0.08685 0.737390893
12/23/2017 2630 0.06447 0.414869865
12/24/2017 3830 0.09666 0.905824445
12/25/2017 5090 0.14066 1.75180946
12/26/2017 4260 0.1095 1.141358796
12/27/2017 3820 0.09483 0.886354768
12/28/2017 3130 0.07493 0.573850206
12/29/2017 2320 0.05575 0.316469112
12/30/2017 2090 0.05092 0.260395307
12/31/2017 2050 0.04991 0.250345565
1/1/2018 1920 0.04731 0.222255567
1/2/2018 1800 0.04502 0.198278885
1/3/2018 1650 0.04239 0.171137756
1/4/2018 1690 0.04281 0.177023289
1/5/2018 1710 0.04292 0.179578482
1/6/2018 1600 0.04103 0.160627526
1/7/2018 1390 0.03792 0.128967892
1/8/2018 1280 0.03638 0.113938668
1/9/2018 1099 0.03428 0.092180058
1/10/2018 1520 0.03916 0.145641366
1/11/2018 1800 0.0432 0.190263168
1/12/2018 7210 0.22312 3.936155415
1/13/2018 11800 0.56091 16.19472814
1/14/2018 9330 0.35148 8.023811793
1/15/2018 7680 0.2458 4.618932019
1/16/2018 7380 0.22853 4.126653966
1/17/2018 8640 0.30118 6.367051215
1/18/2018 7640 0.24085 4.502341999
1/19/2018 6930 0.20317 3.445016347
1/20/2018 7860 0.25135 4.833924995
1/21/2018 7730 0.24326 4.600962231
1/22/2018 7610 0.23592 4.392865316
1/23/2018 9900 0.38117 9.233202884
1/24/2018 10800 0.45075 11.91126708
1/25/2018 8320 0.27375 5.57283168
1/26/2018 8070 0.2584 5.102282678
1/27/2018 7870 0.24644 4.745526515
1/28/2018 7590 0.23065 4.283450048
1/29/2018 7510 0.22585 4.150099448
1/30/2018 7690 0.23475 4.417030647
1/31/2018 7150 0.20658 3.6140386
2/1/2018 6530 0.17726 2.832190085
2/2/2018 5780 0.1458 2.061977083
2/3/2018 3590 0.07605 0.668024113
2/4/2018 3040 0.06297 0.468387988
2/5/2018 10630 0.42404 11.0290616
2/6/2018 2160 0.04559 0.240947162
2/7/2018 1810 0.03993 0.17683831
2/8/2018 1560 0.03636 0.138786411
2/9/2018 1550 0.03617 0.137176172
2/10/2018 1700 0.03815 0.158687214
2/11/2018 1830 0.03998 0.179016207
2/12/2018 2020 0.04287 0.211886518
2/13/2018 2530 0.05173 0.320229599
2/14/2018 2690 0.05477 0.360490225
2/15/2018 3220 0.06593 0.519442427
2/16/2018 7100 0.19894 3.456041383
2/17/2018 8310 0.26172 5.321528682
2/18/2018 7440 0.21519 3.917360076
2/19/2018 6110 0.15535 2.322474422
2/20/2018 6710 0.18063 2.965588398
2/21/2018 7930 0.24027 4.661988603
2/22/2018 7820 0.23437 4.484429955
2/23/2018 7170 0.2017 3.538535245
2/24/2018 7070 0.19696 3.407186617
2/25/2018 7260 0.20606 3.660402034
2/26/2018 7850 0.23603 4.533517901
2/27/2018 7210 0.20376 3.594617369
2/28/2018 6490 0.17113 2.717498537
3/1/2018 5820 0.14408 2.051753374
3/2/2018 5700 0.13964 1.947525566
3/3/2018 5290 0.12493 1.61704045
3/4/2018 5010 0.11554 1.416343393
3/5/2018 4733 0.10675 1.236240195
3/6/2018 4620 0.10333 1.168064639
3/7/2018 4280 0.09335 0.977589578
3/8/2018 3930 0.08377 0.805525953
3/9/2018 3860 0.08203 0.774744475
3/10/2018 3510 0.07327 0.629262396
3/11/2018 3160 0.06518 0.50396446
3/12/2018 3010 0.06197 0.45640087
3/13/2018 2820 0.05805 0.400543607
3/14/2018 2920 0.06026 0.430536971
3/15/2018 2740 0.05663 0.379660658
3/16/2018 2780 0.05757 0.391597127
3/17/2018 2790 0.05791 0.395326785
3/18/2018 2670 0.05559 0.363167024
3/19/2018 2650 0.05532 0.358695986
3/20/2018 2750 0.0575 0.38690025
3/21/2018 2510 0.05285 0.324576584
3/22/2018 2390 0.05071 0.296544575
3/23/2018 2230 0.04792 0.261468963
3/24/2018 2270 0.04878 0.270935632
3/25/2018 2330 0.05003 0.285223231
3/26/2018 2250 0.04871 0.268163163
3/27/2018 2570 0.05498 0.345729414
3/28/2018 3810 0.08448 0.78754858
3/29/2018 5210 0.12917 1.646636943
3/30/2018 8530 0.29151 6.084164678
3/31/2018 10500 0.4342 11.15520588
4/1/2018 9330 0.3468 7.916973739
4/2/2018 8200 0.27438 5.505094469
4/3/2018 8574 0.29861 6.26449834
4/4/2018 8180 0.27528 5.509680751
4/5/2018 8640 0.30522 6.452458237
4/6/2018 8200 0.27871 5.59197055
4/7/2018 7880 0.26071 5.026693197
4/8/2018 7650 0.24853 4.651989511
4/9/2018 7200 0.22484 3.960997286
4/10/2018 6740 0.20216 3.333907893
4/11/2018 6530 0.19278 3.080162499
4/12/2018 5840 0.16218 2.31744062
4/13/2018 4190 0.10155 1.041099943
4/14/2018 3550 0.08309 0.721731373
4/15/2018 3470 0.08129 0.690184291
4/16/2018 4840 0.12521 1.482800928
4/17/2018 10700 0.4846 12.6871963
4/18/2018 9790 0.40924 9.803005349
4/19/2018 8160 0.29316 5.853199726
4/20/2018 7110 0.23179 4.032392219
4/21/2018 6910 0.22206 3.754454579
4/22/2018 6640 0.20896 3.394921298
4/23/2018 6220 0.18899 2.876256953
4/24/2018 5870 0.17345 2.49121309
4/25/2018 6050 0.1828 2.706013992
4/26/2018 6140 0.18812 2.826192978
4/27/2018 5600 0.164 2.24714112
4/28/2018 4610 0.12453 1.404667018
4/29/2018 3810 0.09773 0.911069161
4/30/2018 2870 0.07149 0.502025371
5/1/2018 2250 0.05738 0.315894114
5/2/2018 1730 0.04754 0.201235109
5/3/2018 1450 0.04322 0.153338509
5/4/2018 1870 0.05066 0.231795641
5/5/2018 2650 0.06799 0.44084852
5/6/2018 3090 0.07993 0.604319717
5/7/2018 2627 0.06821 0.438436391
5/8/2018 2270 0.0602 0.334365007
5/9/2018 2100 0.05685 0.292111218
5/10/2018 1870 0.05248 0.24012308
5/11/2018 1850 0.05241 0.237238058
5/12/2018 1860 0.05292 0.24084146
5/13/2018 1870 0.05344 0.244515575
5/14/2018 3020 0.08183 0.604669365
5/15/2018 3680 0.10291 0.926624692
5/16/2018 3570 0.09986 0.872284689
5/17/2018 3880 0.11114 1.055116926
5/18/2018 3390 0.0952 0.78965087
5/19/2018 2800 0.07806 0.534792182
5/20/2018 2290 0.06524 0.365550941
5/21/2018 2180 0.06302 0.336150192
5/22/2018 2550 0.07267 0.453412838
5/23/2018 2470 0.07102 0.429216188
5/24/2018 3330 0.09681 0.788792778
5/25/2018 2790 0.08073 0.551109158
5/26/2018 1970 0.06011 0.289741982
5/27/2018 1670 0.05411 0.221101901
5/28/2018 1550 0.05213 0.19770511
5/29/2018 1540 0.05227 0.196957123
5/30/2018 1690 0.05554 0.22966301
5/31/2018 1410 0.05056 0.174431393
6/1/2018 1240 0.04809 0.145906599
6/2/2018 1340 0.04999 0.163902813
6/3/2018 1410 0.0515 0.177674382
6/4/2018 1630 0.05603 0.223463553
6/5/2018 1733 0.05857 0.248354629
6/6/2018 1740 0.05906 0.251443934
6/7/2018 1290 0.0507 0.16002806
6/8/2018 1200 0.04959 0.145604174
6/9/2018 1090 0.04834 0.12892336
6/10/2018 930 0.04685 0.106608299
6/11/2018 1080 0.04879 0.128929722
6/12/2018 839 0.04675 0.095971448
6/13/2018 1030 0.04875 0.122859945
6/14/2018 892 0.04766 0.104020123
6/15/2018 768 0.0473 0.088883436
6/16/2018 832 0.04782 0.097348972
6/17/2018 666 0.04798 0.078186711
6/18/2018 547 0.04962 0.066411388
6/19/2018 797 0.0485 0.094579831
6/20/2018 726 0.04865 0.086420731
6/21/2018 766 0.04896 0.091763221
6/22/2018 827 0.04946 0.100082488
6/23/2018 723 0.04947 0.087514231
6/24/2018 752 0.04975 0.091539682
6/25/2018 1060 0.05258 0.136371909
6/26/2018 1040 0.05259 0.1338243
6/27/2018 1200 0.05528 0.162310925
6/28/2018 1120 0.05429 0.148777185
6/29/2018 1680 0.06585 0.27068459
6/30/2018 1700 0.06668 0.277359461
7/1/2018 914 0.05254 0.117499153
7/2/2018 737 0.05187 0.093536735
7/3/2018 719 0.05213 0.091709661
7/4/2018 560 0.05379 0.073703488
7/5/2018 790 0.05274 0.101944943
7/6/2018 1700 0.06867 0.285636985
7/7/2018 1260 0.05919 0.182480876
7/8/2018 932 0.05451 0.124305563
7/9/2018 611 0.05428 0.081148318
7/10/2018 597.1 0.0547 0.07991584
7/11/2018 587 0.05509 0.079124202
7/12/2018 672 0.05449 0.089595161
7/13/2018 343 0.06727 0.056456509
7/14/2018 435 0.06051 0.064404303
7/15/2018 484 0.05859 0.069385278
7/16/2018 311 0.0721 0.054864841
7/17/2018 613 0.05611 0.084158738
7/18/2018 930 0.05682 0.129295274
7/19/2018 1900 0.07809 0.363034163
7/20/2018 1380 0.06496 0.219342897
7/21/2018 750 0.05629 0.103297779
7/22/2018 952 0.05789 0.13484628
7/23/2018 1090 0.06002 0.16007406
7/24/2018 2220 0.08948 0.486046054
7/25/2018 2850 0.11286 0.787015667
7/26/2018 3120 0.12443 0.949900611
7/27/2018 3710 0.1521 1.380707219
7/28/2018 3460 0.14048 1.189293565
7/29/2018 3300 0.13348 1.077776251
7/30/2018 3060 0.12326 0.922873258
7/31/2018 3140 0.12706 0.976195881
8/1/2018 2490 0.10111 0.616015911
8/2/2018 1280 0.06535 0.204669926
8/3/2018 1050 0.06127 0.157411208
8/4/2018 1040 0.06126 0.155886607
8/5/2018 688 0.0588 0.098983826
8/6/2018 812 0.05905 0.117320634
8/7/2018 1030 0.06148 0.154942142
8/8/2018 1057 0.06198 0.160296866
8/9/2018 1180 0.06427 0.185561886
8/10/2018 1590 0.07387 0.287384734
8/11/2018 1200 0.06486 0.190439338
8/12/2018 934 0.0607 0.13871839
8/13/2018 847 0.05995 0.124242754
8/14/2018 1130 0.0638 0.176399599
8/15/2018 1330 0.06793 0.221060795
8/16/2018 1620 0.07524 0.298237516
8/17/2018 1180 0.06492 0.187438582
8/18/2018 1610 0.0751 0.295845035
8/19/2018 2520 0.10514 0.648286511
8/20/2018 2240 0.09492 0.520240573
8/21/2018 1510 0.07258 0.268159003
8/22/2018 1250 0.06652 0.20345142
8/23/2018 1960 0.08564 0.410706146
8/24/2018 3250 0.13628 1.083712188
8/25/2018 3180 0.13306 1.035316441
8/26/2018 1820 0.08131 0.362087741
8/27/2018 1320 0.06805 0.219786257
8/28/2018 1050 0.06282 0.161393375
8/29/2018 1010 0.06218 0.153663444
8/30/2018 986 0.06182 0.14914352
8/31/2018 1170 0.06482 0.185563844
9/1/2018 1130 0.06403 0.177035523
9/2/2018 994 0.0618 0.150304967
9/3/2018 769 0.05974 0.112406139
9/4/2018 837 0.06001 0.122898776
9/5/2018 738 0.05956 0.107549779
9/6/2018 1030 0.06206 0.15640386
9/7/2018 807 0.0596 0.117684229
9/8/2018 642 0.05971 0.093795191
9/9/2018 676 0.05938 0.098216705
9/10/2018 1020 0.06154 0.153587593
9/11/2018 1903 0.0826 0.384607109
9/12/2018 4290 0.18751 1.968249718
9/13/2018 3920 0.16672 1.599087544
9/14/2018 2930 0.11944 0.856280171
9/15/2018 1850 0.08033 0.363620171
9/16/2018 1410 0.06838 0.235910179
9/17/2018 1300 0.06576 0.209172038
9/18/2018 1190 0.06338 0.184543039
9/19/2018 1310 0.06565 0.21042847
9/20/2018 1580 0.07188 0.277884055
9/21/2018 1430 0.06799 0.237891843
9/22/2018 1100 0.0611 0.164449428
9/23/2018 1610 0.07205 0.283830023
9/24/2018 2310 0.09306 0.52598517
9/25/2018 1720 0.07454 0.313701292
9/26/2018 1770 0.07569 0.327800977
9/27/2018 2430 0.09633 0.572751593
9/28/2018 3250 0.12837 1.020811077
9/29/2018 3110 0.12192 0.927756092
9/30/2018 2690 0.10477 0.689584825
10/1/2018 1620 0.07041 0.279092285
10/2/2018 1760 0.07384 0.317982213
10/3/2018 3320 0.12909 1.048646608
10/4/2018 5067 0.22099 2.739819788
10/5/2018 4640 0.19453 2.208528659
10/6/2018 4790 0.20247 2.372983225
10/7/2018 5080 0.21917 2.724226992
10/8/2018 5870 0.27085 3.890141629
10/9/2018 5230 0.22669 2.900898431
10/10/2018 4930 0.2073 2.500602685
10/11/2018 5340 0.23169 3.027241151
10/12/2018 5240 0.22432 2.876058762
10/13/2018 4670 0.1896 2.166475018
10/14/2018 3690 0.13926 1.257335648
10/15/2018 2170 0.08133 0.431826189
10/16/2018 1430 0.06172 0.215953589
10/17/2018 1560 0.0643 0.245433614
10/18/2018 1500 0.06263 0.229864626
10/19/2018 2110 0.07799 0.402642717
10/20/2018 1940 0.07284 0.345756329
10/21/2018 1410 0.05978 0.206240283
10/22/2018 2080 0.07595 0.386535677
10/23/2018 2680 0.09417 0.617512618
10/24/2018 2100 0.07572 0.389070562
10/25/2018 2100 0.07531 0.386963867
10/26/2018 2130 0.07575 0.394785063
10/27/2018 1860 0.06813 0.3100629
10/28/2018 3730 0.13132 1.198500384
10/29/2018 6280 0.27145 4.171074641
10/30/2018 6050 0.25446 3.766807004
10/31/2018 6440 0.2795 4.404191064
11/1/2018 6880 0.30974 5.214158204
11/2/2018 8740 0.46837 10.01610744
11/3/2018 8490 0.44163 9.174126611
11/4/2018 7670 0.36642 6.876588018
11/5/2018 8070 0.39844 7.867467145
11/6/2018 7790 0.37214 7.093201264
11/7/2018 7590 0.35353 6.565480578
11/8/2018 7340 0.33172 5.957529321
11/9/2018 6860 0.2942 4.938161122
11/10/2018 6870 0.29316 4.927877711
11/11/2018 6730 0.28163 4.637591071
11/12/2018 6410 0.25857 4.055408777
11/13/2018 6340 0.25251 3.917114907
11/14/2018 6360 0.25225 3.925425708
11/15/2018 6030 0.23039 3.39922106
11/16/2018 5780 0.21443 3.032577133
11/17/2018 5490 0.19711 2.647765227
11/18/2018 4750 0.15893 1.847132139
11/19/2018 4580 0.15022 1.683416996
11/20/2018 4730 0.15606 1.806139186
11/21/2018 4770 0.15693 1.831567065
11/22/2018 4590 0.1479 1.661037095
11/23/2018 3800 0.11508 1.069995427
11/24/2018 3390 0.09993 0.828884574
11/25/2018 3950 0.11926 1.152631204
11/26/2018 6100 0.21925 3.27241149
11/27/2018 7670 0.31873 5.981591886
11/28/2018 7780 0.32476 6.182165135
11/29/2018 7310 0.28975 5.182499793
11/30/2018 7040 0.27017 4.65380577
12/1/2018 6540 0.2377 3.803692514
12/2/2018 6740 0.2482 4.093173422
12/3/2018 8140 0.34122 6.796062361
12/4/2018 8120 0.33766 6.708634283
12/5/2018 8090 0.3334 6.599523641
12/6/2018 7680 0.30233 5.681211218
12/7/2018 7020 0.25764 4.425362735
12/8/2018 6010 0.19904 2.926936543
12/9/2018 5070 0.15322 1.900736389
12/10/2018 4397 0.12498 1.344607278
12/11/2018 4460 0.12665 1.382097001
12/12/2018 3980 0.10855 1.057088557
12/13/2018 3250 0.08488 0.674974248
12/14/2018 3030 0.07822 0.579907749
12/15/2018 3080 0.07913 0.596335075
12/16/2018 3450 0.08924 0.75331589
12/17/2018 3840 0.10083 0.947369641
12/18/2018 4420 0.12014 1.2992968
12/19/2018 4100 0.10826 1.086051329
12/20/2018 3380 0.08521 0.704702379
12/21/2018 4780 0.13149 1.537868119
12/22/2018 8540 0.33297 6.957631906
12/23/2018 8410 0.32205 6.627012215
12/24/2018 7250 0.24675 4.377172275
12/25/2018 6680 0.21399 3.49758609
12/26/2018 6370 0.19703 3.070932435
12/27/2018 6030 0.17964 2.650445207
12/28/2018 5860 0.17092 2.450693348
12/29/2018 6230 0.1872 2.853595181
12/30/2018 6380 0.19348 3.020335792
12/31/2018 6170 0.18249 2.755007002
