date flow_ft3_s po4_mg_L Daily_Load_MTD
1/1/2013 10700 0.04824 1.262959862
1/2/2013 10500 0.04804 1.234214856
1/3/2013 10700 0.04803 1.257461903
1/4/2013 9910 0.04754 1.152739842
1/5/2013 9750 0.04736 1.129834368
1/6/2013 9710 0.04724 1.122348139
1/7/2013 10130 0.04737 1.174116799
1/8/2013 10500 0.04743 1.218543102
1/9/2013 10600 0.04738 1.22885147
1/10/2013 10100 0.04704 1.162484467
1/11/2013 9850 0.04682 1.128407884
1/12/2013 10200 0.0469 1.170500184
1/13/2013 11800 0.04754 1.37258629
1/14/2013 14700 0.04859 1.747683176
1/15/2013 14500 0.04842 1.717873812
1/16/2013 13200 0.04784 1.545124838
1/17/2013 12500 0.04747 1.45186995
1/18/2013 11800 0.04709 1.359593782
1/19/2013 11400 0.04683 1.306253542
1/20/2013 10500 0.04634 1.190539476
1/21/2013 10400 0.04621 1.175892931
1/22/2013 10300 0.04609 1.161562024
1/23/2013 9710 0.04573 1.086472912
1/24/2013 9680 0.04564 1.080984495
1/25/2013 8920 0.04518 0.986074102
1/26/2013 6770 0.04386 0.726533707
1/27/2013 4830 0.04238 0.500848705
1/28/2013 4930 0.0424 0.511459498
1/29/2013 5390 0.04269 0.563006478
1/30/2013 7640 0.04412 0.824759514
1/31/2013 12920 0.04656 1.471885263
2/1/2013 12000 0.04613 1.354450608
2/2/2013 12700 0.04635 1.440296586
2/3/2013 12100 0.04604 1.363073131
2/4/2013 11070 0.04553 1.23322904
2/5/2013 10500 0.04524 1.162278936
2/6/2013 10400 0.04513 1.148410474
2/7/2013 10000 0.0449 1.0986132
2/8/2013 9820 0.04476 1.075474302
2/9/2013 9430 0.04452 1.027224384
2/10/2013 10100 0.0448 1.107128064
2/11/2013 10100 0.04475 1.10589243
2/12/2013 10100 0.0447 1.104656796
2/13/2013 9800 0.04452 1.067529053
2/14/2013 9300 0.04424 1.006691818
2/15/2013 9570 0.04433 1.038025783
2/16/2013 9430 0.04422 1.020302387
2/17/2013 9150 0.04405 0.986201091
2/18/2013 9220 0.04405 0.993745799
2/19/2013 8910 0.04386 0.956191334
2/20/2013 7690 0.04317 0.812282058
2/21/2013 6550 0.04246 0.680486888
2/22/2013 5380 0.04163 0.548008328
2/23/2013 5460 0.04166 0.556557936
2/24/2013 5720 0.04183 0.585439964
2/25/2013 5860 0.04191 0.600915974
2/26/2013 5830 0.04187 0.597269018
2/27/2013 6030 0.04199 0.619529026
2/28/2013 7130 0.04268 0.744581793
3/1/2013 8400 0.04338 0.891594346
3/2/2013 9370 0.04386 1.005556992
3/3/2013 8680 0.04351 0.924075126
3/4/2013 8133 0.04321 0.859871412
3/5/2013 7670 0.04294 0.805853091
3/6/2013 7230 0.04268 0.755024736
3/7/2013 6920 0.0425 0.71960388
3/8/2013 6750 0.04239 0.700109001
3/9/2013 6230 0.04206 0.641144302
3/10/2013 6780 0.04241 0.703552383
3/11/2013 7410 0.0428 0.775997726
3/12/2013 12470 0.04521 1.379429255
3/13/2013 11700 0.0449 1.285377444
3/14/2013 11100 0.04466 1.212942377
3/15/2013 9810 0.04409 1.058297032
3/16/2013 9270 0.04385 0.994598509
3/17/2013 8380 0.0434 0.889881586
3/18/2013 7440 0.0429 0.780959837
3/19/2013 6780 0.04252 0.705377206
3/20/2013 6870 0.0426 0.716085382
3/21/2013 6870 0.04262 0.716421572
3/22/2013 6890 0.04266 0.719181562
3/23/2013 6840 0.04265 0.713795177
3/24/2013 6450 0.04243 0.66962432
3/25/2013 4410 0.04095 0.441866389
3/26/2013 3450 0.04008 0.338333717
3/27/2013 3340 0.04 0.32689248
3/28/2013 4030 0.04071 0.401425189
3/29/2013 3910 0.04063 0.388706722
3/30/2013 3640 0.04041 0.359905684
3/31/2013 3280 0.04008 0.3216622
4/1/2013 3533 0.04038 0.349066703
4/2/2013 3570 0.04046 0.353421175
4/3/2013 4330 0.04121 0.436605279
4/4/2013 7917 0.04374 0.847301344
4/5/2013 8400 0.04406 0.905570467
4/6/2013 7806 0.04378 0.836185777
4/7/2013 7287 0.04352 0.775954271
4/8/2013 6560 0.04313 0.692279975
4/9/2013 6500 0.04314 0.686107188
4/10/2013 7180 0.04363 0.766492887
4/11/2013 10900 0.04561 1.216424173
4/12/2013 15570 0.04747 1.80844921
4/13/2013 15980 0.04767 1.863890517
4/14/2013 17270 0.04814 2.034215201
4/15/2013 17600 0.04832 2.080837018
4/16/2013 17400 0.04833 2.057616886
4/17/2013 16800 0.04822 1.982142893
4/18/2013 16400 0.04817 1.932942638
4/19/2013 16000 0.04811 1.883448768
4/20/2013 14900 0.04781 1.743024469
4/21/2013 14700 0.04782 1.719987847
4/22/2013 14300 0.04776 1.671086102
4/23/2013 14100 0.04777 1.648059268
4/24/2013 13000 0.04743 1.508672412
4/25/2013 13100 0.04755 1.524123954
4/26/2013 12100 0.04723 1.398304604
4/27/2013 9480 0.04612 1.069784024
4/28/2013 9020 0.04597 1.014564152
4/29/2013 5740 0.04403 0.618385147
4/30/2013 2450 0.0409 0.245181594
5/1/2013 2570 0.04114 0.258699675
5/2/2013 2510 0.04115 0.252721408
5/3/2013 2000 0.04048 0.198092928
5/4/2013 1850 0.04032 0.182511706
5/5/2013 2560 0.04147 0.259760118
5/6/2013 2470 0.04143 0.250386182
5/7/2013 2170 0.04109 0.218169656
5/8/2013 4170 0.04353 0.444143381
5/9/2013 3840 0.0433 0.40683433
5/10/2013 4430 0.04395 0.47638829
5/11/2013 5470 0.04492 0.6012091
5/12/2013 5190 0.0448 0.568910362
5/13/2013 6300 0.04574 0.705074782
5/14/2013 5450 0.0452 0.602744712
5/15/2013 3990 0.04403 0.42985309
5/16/2013 2040 0.04171 0.208194297
5/17/2013 1950 0.04166 0.198770692
5/18/2013 2350 0.04238 0.243684152
5/19/2013 2530 0.04274 0.264577867
5/20/2013 2650 0.043 0.27881286
5/21/2013 2840 0.04335 0.301235335
5/22/2013 4630 0.04535 0.513755819
5/23/2013 7700 0.04773 0.899250383
5/24/2013 10200 0.04924 1.228900406
5/25/2013 9950 0.04923 1.198536842
5/26/2013 8910 0.04878 1.063452195
5/27/2013 4040 0.04533 0.448090314
5/28/2013 5260 0.04655 0.59910632
5/29/2013 7200 0.04809 0.847199606
5/30/2013 11300 0.05048 1.395713443
5/31/2013 11200 0.05056 1.38555433
6/1/2013 9620 0.04988 1.174086214
6/2/2013 6100 0.04778 0.713139434
6/3/2013 7273 0.04873 0.867178438
6/4/2013 6300 0.04817 0.742532843
6/5/2013 7880 0.04936 0.951699498
6/6/2013 8070 0.04959 0.979188073
6/7/2013 15300 0.05316 1.990099886
6/8/2013 14800 0.0531 1.922891184
6/9/2013 14700 0.05319 1.913135792
6/10/2013 14800 0.05335 1.931944344
6/11/2013 14800 0.05348 1.936651987
6/12/2013 13700 0.05317 1.782320077
6/13/2013 15600 0.05405 2.063092824
6/14/2013 19570 0.05552 2.658512796
6/15/2013 18100 0.05519 2.444203945
6/16/2013 17200 0.05502 2.315514499
6/17/2013 16830 0.05503 2.266115809
6/18/2013 14200 0.05414 1.881070478
6/19/2013 11000 0.05282 1.421639736
6/20/2013 10500 0.05269 1.353679866
6/21/2013 8790 0.05186 1.115372312
6/22/2013 8720 0.05194 1.108196826
6/23/2013 5630 0.04988 0.687121142
6/24/2013 3720 0.04816 0.438356943
6/25/2013 5930 0.05036 0.730699629
6/26/2013 8850 0.0525 1.13684445
6/27/2013 11500 0.05406 1.521151092
6/28/2013 11800 0.05433 1.568628799
6/29/2013 11800 0.05446 1.57238219
6/30/2013 10600 0.05397 1.399770238
7/1/2013 10900 0.05425 1.44685401
7/2/2013 11800 0.05482 1.582776197
7/3/2013 11370 0.05471 1.522038546
7/4/2013 11700 0.05501 1.574802076
7/5/2013 13300 0.05588 1.818471547
7/6/2013 14000 0.05631 1.928910312
7/7/2013 13800 0.05634 1.902367426
7/8/2013 12300 0.05577 1.678433843
7/9/2013 11800 0.05564 1.606451434
7/10/2013 12400 0.05605 1.700574936
7/11/2013 12300 0.05612 1.688967317
7/12/2013 11900 0.05603 1.631421028
7/13/2013 11000 0.05569 1.498885212
7/14/2013 4740 0.0514 0.596128565
7/15/2013 5780 0.05245 0.741774335
7/16/2013 4453 0.05131 0.559053257
7/17/2013 3980 0.0509 0.495677638
7/18/2013 3240 0.0501 0.397174363
7/19/2013 4020 0.05113 0.502921634
7/20/2013 4020 0.05122 0.503806886
7/21/2013 2850 0.04984 0.347553259
7/22/2013 4100 0.05149 0.516541501
7/23/2013 3450 0.05082 0.428994997
7/24/2013 3110 0.05046 0.383977792
7/25/2013 2200 0.04915 0.264572484
7/26/2013 1340 0.04742 0.155476523
7/27/2013 1730 0.04841 0.204917787
7/28/2013 2490 0.04988 0.303895496
7/29/2013 4640 0.05267 0.597970516
7/30/2013 3140 0.05099 0.391753722
7/31/2013 7387 0.05518 0.99735155
8/1/2013 9080 0.05641 1.253257811
8/2/2013 8670 0.05623 1.1928495
8/3/2013 5630 0.054 0.743876136
8/4/2013 5190 0.05367 0.681549534
8/5/2013 3713 0.05216 0.473871952
8/6/2013 1450 0.04847 0.171964774
8/7/2013 593 0.04549 0.066003825
8/8/2013 617 0.04568 0.068961981
8/9/2013 2190 0.05019 0.268942713
8/10/2013 5800 0.05462 0.775136453
8/11/2013 4840 0.05378 0.636890295
8/12/2013 5450 0.05442 0.725693965
8/13/2013 5120 0.05416 0.678495683
8/14/2013 4270 0.05334 0.557287572
8/15/2013 3520 0.0525 0.45216864
8/16/2013 3590 0.05263 0.462302552
8/17/2013 2740 0.0515 0.345267948
8/18/2013 2560 0.05126 0.321082798
8/19/2013 1310 0.04875 0.156258765
8/20/2013 2790 0.0517 0.352933772
8/21/2013 2550 0.05136 0.320452502
8/22/2013 2340 0.05105 0.292287388
8/23/2013 2780 0.05179 0.352280966
8/24/2013 1940 0.05037 0.239095913
8/25/2013 682 0.04669 0.077912425
8/26/2013 1830 0.05019 0.224732952
8/27/2013 2790 0.05191 0.354367353
8/28/2013 3430 0.05284 0.443460968
8/29/2013 3710 0.05321 0.483020586
8/30/2013 2800 0.05199 0.35618557
8/31/2013 2410 0.05138 0.302976967
9/1/2013 2390 0.05135 0.3002872
9/2/2013 3030 0.05236 0.388186777
9/3/2013 3750 0.05333 0.489329415
9/4/2013 2347 0.0513 0.294597411
9/5/2013 3850 0.05346 0.503602823
9/6/2013 4690 0.05441 0.62438152
9/7/2013 4620 0.05433 0.614158055
9/8/2013 3940 0.05357 0.516435799
9/9/2013 4180 0.05384 0.550655276
9/10/2013 4360 0.05404 0.576501314
9/11/2013 5010 0.05471 0.670660784
9/12/2013 4830 0.05452 0.644319759
9/13/2013 4360 0.05401 0.576181272
9/14/2013 3120 0.05245 0.400404139
9/15/2013 4630 0.05426 0.614694394
9/16/2013 4177 0.05374 0.549238041
9/17/2013 1520 0.04951 0.184134423
9/18/2013 1490 0.04941 0.180135618
9/19/2013 2000 0.0505 0.2471268
9/20/2013 1910 0.05029 0.235024683
9/21/2013 1900 0.05024 0.233561741
9/22/2013 1980 0.05037 0.244025726
9/23/2013 6210 0.05553 0.843757693
9/24/2013 2890 0.05185 0.366644416
9/25/2013 2400 0.05103 0.29966449
9/26/2013 2490 0.05114 0.311572086
9/27/2013 2480 0.05108 0.309956709
9/28/2013 1810 0.04979 0.220505371
9/29/2013 1610 0.04931 0.19424925
9/30/2013 1720 0.0495 0.208320552
10/1/2013 2060 0.05015 0.252776461
10/2/2013 2130 0.05023 0.261782887
10/3/2013 1850 0.04963 0.224654165
10/4/2013 2310 0.05044 0.285092328
10/5/2013 1670 0.04913 0.200752844
10/6/2013 1850 0.04946 0.223884647
10/7/2013 4440 0.05312 0.577084631
10/8/2013 7750 0.05592 1.060394184
10/9/2013 10500 0.05759 1.479567726
10/10/2013 8840 0.05651 1.222295025
10/11/2013 6120 0.05444 0.815207207
10/12/2013 4710 0.05305 0.611370905
10/13/2013 4440 0.0527 0.572521838
10/14/2013 4430 0.05261 0.570256836
10/15/2013 4260 0.05235 0.545663315
10/16/2013 4660 0.05269 0.600776017
10/17/2013 4520 0.05247 0.580293854
10/18/2013 4290 0.05214 0.547301692
10/19/2013 3050 0.05053 0.377092252
10/20/2013 2590 0.04977 0.315403041
10/21/2013 2530 0.04959 0.306982134
10/22/2013 6080 0.05349 0.795746339
10/23/2013 8820 0.05538 1.195143375
10/24/2013 8610 0.05515 1.161842182
10/25/2013 8930 0.05526 1.2074268
10/26/2013 8720 0.05503 1.174125363
10/27/2013 6430 0.0533 0.838564849
10/28/2013 4680 0.05163 0.591216369
10/29/2013 5950 0.0527 0.767230842
10/30/2013 5040 0.05179 0.638667651
10/31/2013 3850 0.05044 0.475153879
11/1/2013 4580 0.05113 0.572980369
11/2/2013 8740 0.0543 1.161207238
11/3/2013 10000 0.05494 1.34427192
11/4/2013 9573 0.05459 1.278673383
11/5/2013 9110 0.0542 1.208136862
11/6/2013 7430 0.05299 0.963343575
11/7/2013 6860 0.05247 0.880711469
11/8/2013 8600 0.05354 1.126614379
11/9/2013 9170 0.05378 1.20667025
11/10/2013 8730 0.05339 1.140440512
11/11/2013 8170 0.05292 1.05788964
11/12/2013 8180 0.05281 1.056982855
11/13/2013 7500 0.05224 0.95865624
11/14/2013 5270 0.05038 0.649631762
11/15/2013 4760 0.04979 0.579892579
11/16/2013 5470 0.05032 0.673482679
11/17/2013 2580 0.04699 0.296635841
11/18/2013 3460 0.04806 0.4068725
11/19/2013 2810 0.0471 0.323836427
11/20/2013 4450 0.04891 0.532544797
11/21/2013 8030 0.05164 1.014612599
11/22/2013 8440 0.05178 1.069308366
11/23/2013 8790 0.05187 1.115587386
11/24/2013 8640 0.05166 1.092110584
11/25/2013 8780 0.05161 1.108732675
11/26/2013 9270 0.05178 1.174465468
11/27/2013 11600 0.05288 1.500886694
11/28/2013 13900 0.05378 1.829085766
11/29/2013 14600 0.05393 1.92655649
11/30/2013 13900 0.05352 1.82024303
12/1/2013 13400 0.05318 1.743619042
12/2/2013 12000 0.05243 1.539428688
12/3/2013 8870 0.05068 1.099913919
12/4/2013 9050 0.05066 1.121791736
12/5/2013 9810 0.05096 1.223198384
12/6/2013 13800 0.05271 1.779797426
12/7/2013 13100 0.05228 1.675735022
12/8/2013 13300 0.05224 1.700017066
12/9/2013 13300 0.05212 1.696111973
12/10/2013 13000 0.05186 1.649583624
12/11/2013 12800 0.05165 1.617628416
12/12/2013 12600 0.05144 1.585878739
12/13/2013 10600 0.05038 1.30665971
12/14/2013 11200 0.05055 1.385280288
12/15/2013 9940 0.04981 1.211438574
12/16/2013 11500 0.05045 1.41957219
12/17/2013 9560 0.04936 1.154599899
12/18/2013 8750 0.0488 1.0447836
12/19/2013 9910 0.04931 1.195658426
12/20/2013 10500 0.04949 1.271467386
12/21/2013 11500 0.04985 1.40268927
12/22/2013 16500 0.05171 2.087646462
12/23/2013 18000 0.05209 2.294168616
12/24/2013 17600 0.05184 2.232421171
12/25/2013 16900 0.05149 2.129158871
12/26/2013 15600 0.05092 1.943620474
12/27/2013 14000 0.05021 1.719953592
12/28/2013 12000 0.04927 1.446646032
12/29/2013 11600 0.04898 1.390193462
12/30/2013 13000 0.04947 1.573561548
12/31/2013 13100 0.0494 1.583422152
1/1/2014 12200 0.04892 1.460308963
1/2/2014 10600 0.04809 1.247266087
1/3/2014 8660 0.04698 0.99547275
1/4/2014 9780 0.04748 1.136182346
1/5/2014 10900 0.04792 1.27803215
1/6/2014 10600 0.04768 1.236632294
1/7/2014 9830 0.0472 1.135256477
1/8/2014 10500 0.04743 1.218543102
1/9/2014 11100 0.04761 1.293062843
1/10/2014 10500 0.04723 1.213404822
1/11/2014 10300 0.04704 1.185503962
1/12/2014 11800 0.04763 1.375184791
1/13/2014 12670 0.04789 1.484635783
1/14/2014 14300 0.04844 1.694878786
1/15/2014 14700 0.04849 1.74408638
1/16/2014 13500 0.04796 1.584205128
1/17/2014 13700 0.04794 1.60700441
1/18/2014 13500 0.04778 1.578259404
1/19/2014 12900 0.04746 1.498014151
1/20/2014 12500 0.04721 1.44391785
1/21/2014 11700 0.0468 1.339769808
1/22/2014 11000 0.04641 1.249115868
1/23/2014 10600 0.04615 1.196950092
1/24/2014 10900 0.04621 1.232426245
1/25/2014 10400 0.04591 1.168258915
1/26/2014 9890 0.04559 1.103225663
1/27/2014 9810 0.04548 1.091661352
1/28/2014 9290 0.04515 1.026294356
1/29/2014 8160 0.04449 0.888282357
1/30/2014 8350 0.04453 0.909782633
1/31/2014 5340 0.04253 0.555693237
2/1/2014 5560 0.04264 0.580083429
2/2/2014 8360 0.04434 0.906985696
2/3/2014 7167 0.0436 0.764579
2/4/2014 7940 0.044 0.854814048
2/5/2014 7590 0.04374 0.812304813
2/6/2014 6100 0.04274 0.637915015
2/7/2014 4910 0.04181 0.502296476
2/8/2014 5090 0.04191 0.521956025
2/9/2014 4980 0.04177 0.508970123
2/10/2014 4560 0.04138 0.461693543
2/11/2014 4540 0.04132 0.459002063
2/12/2014 4520 0.04127 0.456427051
2/13/2014 4180 0.04093 0.41861665
2/14/2014 4540 0.04121 0.457780131
2/15/2014 4260 0.04093 0.426628452
2/16/2014 4090 0.04074 0.407701965
2/17/2014 3920 0.04055 0.388933541
2/18/2014 3870 0.04047 0.383215125
2/19/2014 3650 0.04023 0.359286889
2/20/2014 3750 0.0403 0.36977265
2/21/2014 5330 0.04161 0.542654485
2/22/2014 7460 0.04299 0.784701973
2/23/2014 9010 0.0438 0.965600258
2/24/2014 11600 0.04496 1.276094285
2/25/2014 11400 0.04486 1.251303307
2/26/2014 11000 0.04467 1.202284116
2/27/2014 9230 0.04384 0.990080982
2/28/2014 7650 0.04298 0.8045005
3/1/2014 7490 0.04288 0.785841692
3/2/2014 7290 0.04275 0.762539103
3/3/2014 7230 0.0427 0.755378543
3/4/2014 7043 0.04258 0.733773152
3/5/2014 6250 0.04207 0.643355475
3/6/2014 5870 0.04181 0.600505156
3/7/2014 6050 0.04193 0.62069566
3/8/2014 4830 0.04104 0.485012526
3/9/2014 4150 0.04047 0.410941283
3/10/2014 4220 0.04053 0.418492353
3/11/2014 4710 0.04095 0.471925327
3/12/2014 5150 0.0413 0.520422126
3/13/2014 7170 0.04267 0.748583535
3/14/2014 8460 0.04341 0.898583874
3/15/2014 9340 0.04387 1.002566023
3/16/2014 9970 0.04418 1.077753251
3/17/2014 10700 0.04453 1.165829243
3/18/2014 10500 0.04446 1.142239644
3/19/2014 10400 0.04443 1.13059777
3/20/2014 10500 0.0445 1.1432673
3/21/2014 11400 0.04491 1.252697983
3/22/2014 11800 0.04511 1.302426746
3/23/2014 11700 0.04509 1.29081668
3/24/2014 11300 0.04495 1.242815358
3/25/2014 9540 0.04419 1.031503838
3/26/2014 7810 0.04332 0.827823887
3/27/2014 7380 0.0431 0.77827325
3/28/2014 5880 0.04218 0.606851421
3/29/2014 8710 0.04391 0.935793585
3/30/2014 17200 0.04728 1.989776909
3/31/2014 20200 0.04818 2.381313845
4/1/2014 20100 0.0482 2.370508776
4/2/2014 19800 0.04817 2.333674649
4/3/2014 19400 0.04811 2.283681631
4/4/2014 18600 0.04793 2.181317306
4/5/2014 19300 0.04818 2.275215703
4/6/2014 19500 0.0483 2.30451858
4/7/2014 19500 0.04835 2.30690421
4/8/2014 21400 0.04892 2.561525558
4/9/2014 22100 0.04915 2.657750862
4/10/2014 21900 0.04917 2.634770516
4/11/2014 21600 0.04916 2.598149261
4/12/2014 21100 0.0491 2.534909268
4/13/2014 20600 0.04903 2.471312042
4/14/2014 20030 0.04896 2.39950042
4/15/2014 19800 0.04896 2.371947494
4/16/2014 19700 0.049 2.36189604
4/17/2014 19900 0.04913 2.392204552
4/18/2014 19900 0.04921 2.396099857
4/19/2014 19000 0.04903 2.279365476
4/20/2014 18700 0.04903 2.243375495
4/21/2014 18200 0.04896 2.18027497
4/22/2014 17600 0.04886 2.104091405
4/23/2014 17300 0.04885 2.067802914
4/24/2014 15000 0.04817 1.76793534
4/25/2014 14800 0.04819 1.745087122
4/26/2014 15200 0.04842 1.800805651
4/27/2014 15100 0.04847 1.79080558
4/28/2014 15100 0.04856 1.794130781
4/29/2014 14700 0.04851 1.74480574
4/30/2014 16200 0.04912 1.947026419
5/1/2014 18500 0.04994 2.260574052
5/2/2014 17600 0.04976 2.142848717
5/3/2014 17100 0.04971 2.079880319
5/4/2014 17900 0.05006 2.192513863
5/5/2014 15600 0.0494 1.885601952
5/6/2014 13300 0.04866 1.58351513
5/7/2014 10400 0.0475 1.2087192
5/8/2014 8830 0.04679 1.010909367
5/9/2014 8270 0.04658 0.942547977
5/10/2014 9580 0.04739 1.110837902
5/11/2014 10200 0.04781 1.193211382
5/12/2014 9790 0.0477 1.142614004
5/13/2014 9550 0.04769 1.114369369
5/14/2014 12700 0.04925 1.53041223
5/15/2014 14100 0.04992 1.72223401
5/16/2014 14300 0.05011 1.753310816
5/17/2014 18800 0.05175 2.38049172
5/18/2014 18700 0.05183 2.371489943
5/19/2014 19300 0.05213 2.461747501
5/20/2014 18500 0.05201 2.354274258
5/21/2014 16000 0.0513 2.00833344
5/22/2014 12800 0.0502 1.572215808
5/23/2014 12200 0.05006 1.494339058
5/24/2014 10300 0.04929 1.242208552
5/25/2014 11300 0.04988 1.379124139
5/26/2014 11200 0.04996 1.369111834
5/27/2014 9700 0.04933 1.170796247
5/28/2014 10100 0.04966 1.227231689
5/29/2014 10100 0.04977 1.229950084
5/30/2014 8300 0.0489 0.993082716
5/31/2014 6730 0.04801 0.790578942
6/1/2014 7630 0.04872 0.909557772
6/2/2014 7680 0.04887 0.918336891
6/3/2014 8150 0.04928 0.982713178
6/4/2014 7170 0.04878 0.855774662
6/5/2014 6590 0.04849 0.781872738
6/6/2014 6990 0.04889 0.836172123
6/7/2014 6470 0.04864 0.770009917
6/8/2014 4430 0.04706 0.510098587
6/9/2014 3010 0.04562 0.335985278
6/10/2014 3480 0.0463 0.394238203
6/11/2014 4657 0.04762 0.542617881
6/12/2014 5690 0.04864 0.677180283
6/13/2014 5840 0.04888 0.698461571
6/14/2014 7170 0.04997 0.876651493
6/15/2014 11200 0.05242 1.436526067
6/16/2014 11300 0.05259 1.454052496
6/17/2014 9420 0.05173 1.192317321
6/18/2014 6750 0.05016 0.828437544
6/19/2014 4550 0.04845 0.539390943
6/20/2014 4360 0.04838 0.516120162
6/21/2014 7400 0.05098 0.923060194
6/22/2014 6860 0.05072 0.851337635
6/23/2014 4780 0.04913 0.574609938
6/24/2014 8000 0.05174 1.012779456
6/25/2014 10000 0.05304 1.29778272
6/26/2014 11000 0.05369 1.445055612
6/27/2014 10100 0.05334 1.318174351
6/28/2014 11100 0.05399 1.466340325
6/29/2014 7170 0.05177 0.908229894
6/30/2014 4080 0.04923 0.491460333
7/1/2014 3140 0.04824 0.370625604
7/2/2014 4000 0.04936 0.483096192
7/3/2014 6220 0.05152 0.784087826
7/4/2014 6210 0.05162 0.784346697
7/5/2014 5380 0.05104 0.671879535
7/6/2014 2590 0.048 0.304186176
7/7/2014 2423 0.04786 0.283742624
7/8/2014 2260 0.04769 0.263714636
7/9/2014 4620 0.05076 0.573802004
7/10/2014 4540 0.05079 0.564199293
7/11/2014 7490 0.05335 0.977720482
7/12/2014 5290 0.05171 0.669312108
7/13/2014 3350 0.04976 0.407871773
7/14/2014 3930 0.05055 0.486084958
7/15/2014 3950 0.05067 0.489718456
7/16/2014 3980 0.0508 0.494703811
7/17/2014 3300 0.05008 0.404367955
7/18/2014 3110 0.04993 0.379944732
7/19/2014 2570 0.04924 0.30963471
7/20/2014 1670 0.0477 0.194909641
7/21/2014 1260 0.04681 0.144313732
7/22/2014 1450 0.04738 0.168097607
7/23/2014 1530 0.04765 0.178382731
7/24/2014 1510 0.04768 0.17616177
7/25/2014 1620 0.04801 0.190302806
7/26/2014 1360 0.04748 0.157996727
7/27/2014 1600 0.04813 0.188423174
7/28/2014 2700 0.0502 0.331639272
7/29/2014 5690 0.05366 0.747070189
7/30/2014 7780 0.05538 1.05421944
7/31/2014 8070 0.05567 1.099241783
8/1/2014 8540 0.05607 1.171620329
8/2/2014 9790 0.05692 1.36347147
8/3/2014 8790 0.05638 1.212585633
8/4/2014 8150 0.05603 1.117317763
8/5/2014 8480 0.05633 1.168783509
8/6/2014 9120 0.05682 1.267927845
8/7/2014 9620 0.05719 1.346150573
8/8/2014 7950 0.05617 1.09262221
8/9/2014 5150 0.05396 0.679951039
8/10/2014 5240 0.05411 0.693756864
8/11/2014 3570 0.05235 0.457281229
8/12/2014 3440 0.05224 0.439703662
8/13/2014 6010 0.05498 0.808495635
8/14/2014 8500 0.05692 1.183810776
8/15/2014 7930 0.05658 1.097828756
8/16/2014 7520 0.05633 1.036468395
8/17/2014 3910 0.05307 0.507720053
8/18/2014 2680 0.05145 0.337379465
8/19/2014 3090 0.0521 0.393907885
8/20/2014 3600 0.05282 0.465263914
8/21/2014 4870 0.05428 0.64679592
8/22/2014 6700 0.05596 0.917383618
8/23/2014 9470 0.05794 1.342539096
8/24/2014 10100 0.05836 1.442232005
8/25/2014 9160 0.05781 1.295677493
8/26/2014 6440 0.05588 0.880523065
8/27/2014 2920 0.05211 0.372308024
8/28/2014 2650 0.05172 0.335353514
8/29/2014 975 0.04798 0.114462527
8/30/2014 1350 0.04915 0.162351297
8/31/2014 2230 0.05106 0.278601946
9/1/2014 2080 0.0508 0.258538675
9/2/2014 1880 0.05041 0.231885193
9/3/2014 1877 0.05041 0.231515164
9/4/2014 2720 0.05192 0.345542968
9/5/2014 2770 0.052 0.352437072
9/6/2014 4740 0.05446 0.631617931
9/7/2014 4530 0.05424 0.601196377
9/8/2014 3860 0.05347 0.505005329
9/9/2014 2530 0.05161 0.31948675
9/10/2014 1810 0.05027 0.222631151
9/11/2014 1810 0.05026 0.222586864
9/12/2014 1640 0.04988 0.20015607
9/13/2014 1310 0.04904 0.157188304
9/14/2014 1510 0.04954 0.183033853
9/15/2014 1850 0.05029 0.227641708
9/16/2014 3050 0.05231 0.390375929
9/17/2014 4410 0.05398 0.582465144
9/18/2014 2400 0.05126 0.301015123
9/19/2014 1320 0.04895 0.158097535
9/20/2014 1560 0.04953 0.189056406
9/21/2014 1460 0.04926 0.175972877
9/22/2014 1130 0.04831 0.133571546
9/23/2014 1560 0.04943 0.188674705
9/24/2014 1900 0.05014 0.233096849
9/25/2014 1000 0.04777 0.116883636
9/26/2014 1370 0.04885 0.163750867
9/27/2014 1600 0.04937 0.193277626
9/28/2014 1890 0.04996 0.231037622
9/29/2014 1890 0.04991 0.230806399
9/30/2014 3350 0.05223 0.428117819
10/1/2014 2520 0.05096 0.314216099
10/2/2014 2370 0.05065 0.293715095
10/3/2014 1230 0.04813 0.144850315
10/4/2014 2300 0.05042 0.283745609
10/5/2014 3110 0.05162 0.392804868
10/6/2014 2470 0.05059 0.305745522
10/7/2014 2420 0.05045 0.298727365
10/8/2014 2600 0.05068 0.322409942
10/9/2014 2760 0.05086 0.343466124
10/10/2014 842 0.04642 0.095634744
10/11/2014 725 0.04585 0.081334691
10/12/2014 1870 0.04911 0.224703591
10/13/2014 1680 0.04864 0.199940751
10/14/2014 1560 0.04829 0.184323316
10/15/2014 1490 0.04805 0.175177423
10/16/2014 5120 0.05315 0.66584279
10/17/2014 7970 0.05537 1.079770149
10/18/2014 7080 0.05464 0.946547516
10/19/2014 7340 0.05474 0.983103687
10/20/2014 6550 0.05405 0.866234487
10/21/2014 2870 0.05011 0.351888255
10/22/2014 3420 0.05077 0.424846203
10/23/2014 7360 0.05439 0.979479487
10/24/2014 5620 0.0529 0.727428746
10/25/2014 3610 0.05074 0.448183782
10/26/2014 2640 0.04932 0.318585105
10/27/2014 2650 0.04925 0.319337985
10/28/2014 2640 0.04914 0.317422385
10/29/2014 4630 0.05149 0.583313939
10/30/2014 7140 0.05354 0.935351938
10/31/2014 7150 0.05344 0.934912493
11/1/2014 7990 0.05392 1.054132333
11/2/2014 7390 0.0534 0.965570897
11/3/2014 6970 0.05299 0.903701846
11/4/2014 3950 0.05015 0.484692729
11/5/2014 2970 0.04883 0.354847415
11/6/2014 1690 0.04657 0.192571234
11/7/2014 3460 0.04926 0.417031613
11/8/2014 5150 0.05094 0.641895959
11/9/2014 5120 0.0508 0.636402893
11/10/2014 5040 0.05062 0.624239361
11/11/2014 5230 0.05068 0.64854
11/12/2014 4300 0.04967 0.522589991
11/13/2014 4540 0.0498 0.553201906
11/14/2014 3830 0.04893 0.458534969
11/15/2014 3250 0.04813 0.382734573
11/16/2014 2560 0.04707 0.294837443
11/17/2014 2480 0.04683 0.284167437
11/18/2014 4510 0.0492 0.542925346
11/19/2014 5630 0.05011 0.690289503
11/20/2014 5680 0.05004 0.695447113
11/21/2014 4330 0.04868 0.51574727
11/22/2014 3980 0.0482 0.469384325
11/23/2014 4110 0.04822 0.484917101
11/24/2014 3970 0.04795 0.465776518
11/25/2014 5070 0.04892 0.606866102
11/26/2014 7600 0.05075 0.94373076
11/27/2014 8090 0.05094 1.008337535
11/28/2014 8180 0.05088 1.018354245
11/29/2014 7830 0.05053 0.968076175
11/30/2014 8890 0.05106 1.110659775
12/1/2014 8330 0.0506 1.031321306
12/2/2014 9540 0.05119 1.194901142
12/3/2014 9750 0.05118 1.220965434
12/4/2014 10500 0.05145 1.32182253
12/5/2014 10700 0.05142 1.346214679
12/6/2014 10300 0.0511 1.287824244
12/7/2014 10800 0.05122 1.353511037
12/8/2014 10700 0.05105 1.336527798
12/9/2014 11070 0.05109 1.383827623
12/10/2014 10300 0.0506 1.275223224
12/11/2014 10500 0.05058 1.299471012
12/12/2014 10200 0.0503 1.255355208
12/13/2014 9400 0.04976 1.144476019
12/14/2014 9580 0.04974 1.165922711
12/15/2014 10300 0.04999 1.25984998
12/16/2014 10400 0.04992 1.270300262
12/17/2014 11900 0.05052 1.470986798
12/18/2014 13100 0.05091 1.631822303
12/19/2014 12400 0.0505 1.53218616
12/20/2014 11700 0.05006 1.433095654
12/21/2014 11400 0.04981 1.389376231
12/22/2014 11100 0.04955 1.345752234
12/23/2014 10700 0.04924 1.289140622
12/24/2014 12100 0.04977 1.473504556
12/25/2014 13500 0.05024 1.659517632
12/26/2014 13000 0.04993 1.588193412
12/27/2014 12300 0.04951 1.490035136
12/28/2014 12000 0.04927 1.446646032
12/29/2014 12200 0.04925 1.47015978
12/30/2014 12300 0.04918 1.480103575
12/31/2014 10800 0.0484 1.278991296
1/1/2015 10100 0.04795 1.184973006
1/2/2015 9300 0.04744 1.079508586
1/3/2015 9020 0.04718 1.041269016
1/4/2015 11100 0.04811 1.306642583
1/5/2015 12500 0.04862 1.4870427
1/6/2015 11570 0.04811 1.36196889
1/7/2015 10300 0.04743 1.195332757
1/8/2015 9020 0.04668 1.030233948
1/9/2015 10300 0.04724 1.19054437
1/10/2015 10600 0.04728 1.226257862
1/11/2015 10500 0.04714 1.211092596
1/12/2015 7540 0.04546 0.838685721
1/13/2015 8180 0.04575 0.915678198
1/14/2015 8830 0.04602 0.994273329
1/15/2015 7270 0.04503 0.801004267
1/16/2015 7080 0.04483 0.776605512
1/17/2015 7330 0.0449 0.805283476
1/18/2015 6330 0.04417 0.684115737
1/19/2015 4990 0.04309 0.526108734
1/20/2015 5190 0.04317 0.548211168
1/21/2015 5750 0.04352 0.612287232
1/22/2015 5050 0.04291 0.530210549
1/23/2015 4830 0.04266 0.504157757
1/24/2015 4440 0.04225 0.458995212
1/25/2015 4450 0.04219 0.459375689
1/26/2015 4510 0.04218 0.465459168
1/27/2015 5090 0.04259 0.530424889
1/28/2015 4200 0.04177 0.429251911
1/29/2015 3810 0.04134 0.385384213
1/30/2015 4150 0.0416 0.422415552
1/31/2015 4550 0.04189 0.466358857
2/1/2015 4230 0.04155 0.430041004
2/2/2015 3930 0.04122 0.396368387
2/3/2015 3900 0.04114 0.392579273
2/4/2015 4080 0.04125 0.41179644
2/5/2015 3830 0.04096 0.383846154
2/6/2015 3870 0.04095 0.3877603
2/7/2015 3780 0.04082 0.377540261
2/8/2015 3800 0.04079 0.379258894
2/9/2015 3930 0.04087 0.393002814
2/10/2015 4030 0.04092 0.403495916
2/11/2015 4520 0.04131 0.456869432
2/12/2015 4670 0.04139 0.472945153
2/13/2015 4650 0.04134 0.470350811
2/14/2015 4390 0.04108 0.441258848
2/15/2015 4320 0.04098 0.433165812
2/16/2015 4330 0.04096 0.433956618
2/17/2015 4020 0.04065 0.399838928
2/18/2015 4110 0.0407 0.409293364
2/19/2015 4180 0.04073 0.416571126
2/20/2015 4220 0.04074 0.420660707
2/21/2015 4430 0.04089 0.443219958
2/22/2015 4890 0.04125 0.493550145
2/23/2015 4640 0.04102 0.465706295
2/24/2015 4430 0.04083 0.442569599
2/25/2015 3930 0.04036 0.388098693
2/26/2015 3140 0.03955 0.303860752
2/27/2015 3280 0.03968 0.318451999
2/28/2015 3190 0.03957 0.308855404
3/1/2015 3170 0.03954 0.306686316
3/2/2015 3190 0.03955 0.308699299
3/3/2015 3130 0.03948 0.302356948
3/4/2015 3180 0.03952 0.307498164
3/5/2015 3210 0.03955 0.310634717
3/6/2015 3170 0.0395 0.306376062
3/7/2015 3130 0.03946 0.302203779
3/8/2015 3110 0.03944 0.300120573
3/9/2015 3100 0.03943 0.299079704
3/10/2015 3000 0.03932 0.288624528
3/11/2015 3520 0.03988 0.343475912
3/12/2015 3720 0.04008 0.364812008
3/13/2015 3860 0.04022 0.379863743
3/14/2015 4340 0.04067 0.431879285
3/15/2015 5040 0.04125 0.50868972
3/16/2015 6390 0.04222 0.660111895
3/17/2015 7730 0.04305 0.81423754
3/18/2015 9680 0.04408 1.044035858
3/19/2015 9870 0.04419 1.067184788
3/20/2015 9880 0.04421 1.068749517
3/21/2015 9960 0.04428 1.079109268
3/22/2015 9620 0.04414 1.038976854
3/23/2015 8870 0.04379 0.95037945
3/24/2015 8910 0.04384 0.955755314
3/25/2015 7450 0.04308 0.785290673
3/26/2015 7870 0.04335 0.834761299
3/27/2015 10200 0.04456 1.112099962
3/28/2015 10600 0.04478 1.161417662
3/29/2015 9990 0.04454 1.088714915
3/30/2015 9000 0.0441 0.97113492
3/31/2015 8550 0.04391 0.918603347
4/1/2015 8950 0.04416 0.967053658
4/2/2015 9530 0.04449 1.037417998
4/3/2015 13600 0.04626 1.539369965
4/4/2015 18900 0.04802 2.22066185
4/5/2015 19200 0.04816 2.26248745
4/6/2015 17200 0.04763 2.004506645
4/7/2015 17500 0.04778 2.04589182
4/8/2015 17200 0.04774 2.00913599
4/9/2015 17900 0.04801 2.102728537
4/10/2015 18900 0.04837 2.236847432
4/11/2015 19400 0.04857 2.305516874
4/12/2015 19400 0.04864 2.308839629
4/13/2015 19600 0.04876 2.338396973
4/14/2015 19700 0.04886 2.355147766
4/15/2015 19600 0.0489 2.345110992
4/16/2015 19300 0.04889 2.308744204
4/17/2015 18300 0.04868 2.179717099
4/18/2015 17800 0.0486 2.116677744
4/19/2015 16600 0.04831 1.962201473
4/20/2015 16400 0.04832 1.938961766
4/21/2015 16500 0.04843 1.955225646
4/22/2015 16300 0.04845 1.932323598
4/23/2015 15400 0.04823 1.817341126
4/24/2015 15000 0.04817 1.76793534
4/25/2015 14700 0.04815 1.731857274
4/26/2015 12800 0.04752 1.488280781
4/27/2015 11800 0.0472 1.362769728
4/28/2015 8920 0.04591 1.002006685
4/29/2015 4180 0.04274 0.43712865
4/30/2015 4340 0.04297 0.456303243
5/1/2015 3830 0.04258 0.39902757
5/2/2015 3750 0.04258 0.39069279
5/3/2015 4490 0.04337 0.476468545
5/4/2015 3810 0.04281 0.399088005
5/5/2015 4260 0.04333 0.451644535
5/6/2015 5020 0.04409 0.541554648
5/7/2015 5650 0.04467 0.617536841
5/8/2015 4590 0.04391 0.493144955
5/9/2015 4780 0.04417 0.516599246
5/10/2015 4770 0.04425 0.516452193
5/11/2015 5430 0.04489 0.596414106
5/12/2015 8470 0.047 0.974046612
5/13/2015 10400 0.04811 1.224241699
5/14/2015 10800 0.04841 1.27925555
5/15/2015 10500 0.04838 1.242949932
5/16/2015 8610 0.0475 1.00068003
5/17/2015 8550 0.04757 0.99517106
5/18/2015 8640 0.04773 1.009029001
5/19/2015 9580 0.04835 1.133340632
5/20/2015 10300 0.04883 1.230615613
5/21/2015 10400 0.04899 1.246634813
5/22/2015 9760 0.04878 1.164903863
5/23/2015 5600 0.04627 0.633995242
5/24/2015 6870 0.0473 0.795090107
5/25/2015 6480 0.04715 0.747575698
5/26/2015 5440 0.04647 0.61854321
5/27/2015 5060 0.04627 0.572859986
5/28/2015 4450 0.04584 0.499117838
5/29/2015 2570 0.04383 0.275615137
5/30/2015 2580 0.04395 0.277445099
5/31/2015 2940 0.04453 0.320330652
6/1/2015 9317 0.04972 1.133458666
6/2/2015 11300 0.05085 1.405943514
6/3/2015 11800 0.0512 1.478258688
6/4/2015 10500 0.0507 1.30255398
6/5/2015 7850 0.04934 0.947692129
6/6/2015 4770 0.04715 0.550298777
6/7/2015 4770 0.04727 0.551699326
6/8/2015 6300 0.04864 0.749777818
6/9/2015 9990 0.05105 1.247842309
6/10/2015 14000 0.05303 1.816553256
6/11/2015 15000 0.05356 1.96575912
6/12/2015 14900 0.05365 1.955935218
6/13/2015 15900 0.05416 2.107047139
6/14/2015 15600 0.05418 2.068054934
6/15/2015 15100 0.05411 1.999184855
6/16/2015 17800 0.05522 2.404998869
6/17/2015 18400 0.05555 2.500923216
6/18/2015 18900 0.05585 2.582756442
6/19/2015 18200 0.05575 2.48264562
6/20/2015 18300 0.05591 2.50345076
6/21/2015 15900 0.0552 2.147507424
6/22/2015 13200 0.05423 1.751507525
6/23/2015 10700 0.05317 1.392031009
6/24/2015 11700 0.05379 1.539876452
6/25/2015 12000 0.05406 1.587288096
6/26/2015 13500 0.05486 1.812124548
6/27/2015 13900 0.05516 1.876020283
6/28/2015 14800 0.05566 2.015595542
6/29/2015 15300 0.05598 2.095669519
6/30/2015 15600 0.05623 2.146303598
7/1/2015 18800 0.0575 2.6449908
7/2/2015 19700 0.05792 2.791857523
7/3/2015 19100 0.05785 2.703554958
7/4/2015 17300 0.05736 2.42802815
7/5/2015 16600 0.05723 2.324504042
7/6/2015 14700 0.0566 2.035786536
7/7/2015 12900 0.05594 1.765674497
7/8/2015 13100 0.05614 1.799459911
7/9/2015 9740 0.05455 1.300026436
7/10/2015 10200 0.05492 1.370658211
7/11/2015 10300 0.05509 1.388380384
7/12/2015 10100 0.05509 1.361421541
7/13/2015 8790 0.05442 1.170431184
7/14/2015 7190 0.05345 0.940318697
7/15/2015 5920 0.05257 0.761479394
7/16/2015 8060 0.05427 1.070269958
7/17/2015 5960 0.0528 0.769978598
7/18/2015 5140 0.05218 0.656244483
7/19/2015 4690 0.05184 0.594889505
7/20/2015 4290 0.05152 0.540793693
7/21/2015 4740 0.05207 0.603899112
7/22/2015 4900 0.05232 0.627281222
7/23/2015 4270 0.05177 0.54088447
7/24/2015 4020 0.05158 0.507347895
7/25/2015 4170 0.05184 0.528931607
7/26/2015 4730 0.05251 0.607717344
7/27/2015 4640 0.0525 0.59604048
7/28/2015 4090 0.052 0.520385424
7/29/2015 4070 0.05206 0.518438261
7/30/2015 3710 0.05172 0.46949492
7/31/2015 3310 0.05129 0.415392991
8/1/2015 4610 0.05287 0.596360277
8/2/2015 5670 0.05396 0.74860629
8/3/2015 4940 0.05335 0.644851693
8/4/2015 2460 0.05034 0.303002904
8/5/2015 1470 0.04846 0.174300734
8/6/2015 1530 0.04866 0.182163771
8/7/2015 2350 0.05035 0.289511493
8/8/2015 2720 0.051 0.339420096
8/9/2015 1690 0.0492 0.203446526
8/10/2015 1110 0.04776 0.129713676
8/11/2015 1960 0.04987 0.239162955
8/12/2015 1810 0.04962 0.219752491
8/13/2015 2590 0.05108 0.323704789
8/14/2015 2810 0.05147 0.353882397
8/15/2015 2520 0.05107 0.314894352
8/16/2015 1670 0.04951 0.202305584
8/17/2015 1340 0.04875 0.15983721
8/18/2015 1140 0.04822 0.134502553
8/19/2015 2040 0.05039 0.251520274
8/20/2015 4540 0.0539 0.598746641
8/21/2015 3540 0.05278 0.457163048
8/22/2015 3010 0.0521 0.383709623
8/23/2015 1910 0.05028 0.234977949
8/24/2015 2120 0.05071 0.263043723
8/25/2015 1520 0.04947 0.183985658
8/26/2015 1060 0.04822 0.125063778
8/27/2015 2060 0.05067 0.255397473
8/28/2015 1430 0.04932 0.172566932
8/29/2015 1000 0.04807 0.117617676
8/30/2015 1070 0.04832 0.126505432
8/31/2015 1380 0.04924 0.166262996
9/1/2015 1860 0.05036 0.229190777
9/2/2015 2160 0.05096 0.269328084
9/3/2015 1010 0.04816 0.119016267
9/4/2015 1020 0.0482 0.120294475
9/5/2015 1140 0.04859 0.135534614
9/6/2015 1750 0.05016 0.214780104
9/7/2015 1120 0.04853 0.132992388
9/8/2015 1420 0.04938 0.171568637
9/9/2015 1250 0.04891 0.149591235
9/10/2015 1727 0.05008 0.21161923
9/11/2015 1550 0.04968 0.188413387
9/12/2015 1470 0.04947 0.177933498
9/13/2015 1460 0.04943 0.176580173
9/14/2015 2590 0.05166 0.327380372
9/15/2015 1850 0.05029 0.227641708
9/16/2015 1420 0.04928 0.171221192
9/17/2015 832 0.04738 0.096453247
9/18/2015 1190 0.0486 0.141508231
9/19/2015 1320 0.04895 0.158097535
9/20/2015 1630 0.04969 0.198177832
9/21/2015 1570 0.04952 0.190229892
9/22/2015 2030 0.05047 0.250684692
9/23/2015 870 0.04737 0.100837277
9/24/2015 830 0.04717 0.095794911
9/25/2015 857 0.04724 0.099057915
9/26/2015 1020 0.0478 0.119296181
9/27/2015 1530 0.04921 0.184222753
9/28/2015 1730 0.04962 0.210039674
9/29/2015 1560 0.04919 0.187758624
9/30/2015 5210 0.05431 0.692334539
10/1/2015 8850 0.05711 1.23667022
10/2/2015 9150 0.05724 1.281501713
10/3/2015 5030 0.05397 0.664230594
10/4/2015 2640 0.05099 0.329372556
10/5/2015 3300 0.05188 0.418901947
10/6/2015 6320 0.05495 0.849734491
10/7/2015 5760 0.05441 0.766831035
10/8/2015 3300 0.05169 0.417367804
10/9/2015 4030 0.05253 0.517977528
10/10/2015 6780 0.05505 0.913241185
10/11/2015 6160 0.05447 0.820987527
10/12/2015 6120 0.05436 0.814009254
10/13/2015 3960 0.05216 0.505395348
10/14/2015 4000 0.05213 0.510206736
10/15/2015 4020 0.05208 0.512265963
10/16/2015 3550 0.05144 0.446815042
10/17/2015 3130 0.05081 0.389127572
10/18/2015 3470 0.05117 0.434453563
10/19/2015 2030 0.04889 0.242836826
10/20/2015 3180 0.05063 0.393943119
10/21/2015 3700 0.0512 0.463521792
10/22/2015 2940 0.05012 0.360542831
10/23/2015 2280 0.04901 0.273412283
10/24/2015 2060 0.04853 0.244611
10/25/2015 1990 0.04831 0.235227767
10/26/2015 5040 0.05218 0.643477081
10/27/2015 6560 0.0534 0.857123827
10/28/2015 6460 0.05322 0.841212776
10/29/2015 6740 0.05334 0.879652983
10/30/2015 7380 0.05371 0.969862095
10/31/2015 7240 0.0535 0.947743512
11/1/2015 6320 0.0527 0.814940995
11/2/2015 6550 0.05277 0.845720516
11/3/2015 5780 0.05204 0.735975908
11/4/2015 4290 0.05052 0.530296921
11/5/2015 2680 0.04841 0.317444896
11/6/2015 2380 0.04784 0.278590691
11/7/2015 2500 0.04793 0.29318781
11/8/2015 2510 0.04784 0.293807829
11/9/2015 2490 0.04771 0.290674702
11/10/2015 2720 0.04795 0.319121443
11/11/2015 3550 0.04894 0.425099692
11/12/2015 3670 0.04897 0.439738651
11/13/2015 5790 0.05094 0.721665554
11/14/2015 6380 0.0513 0.800822959
11/15/2015 6400 0.0512 0.801767424
11/16/2015 6310 0.05102 0.787713494
11/17/2015 3880 0.04865 0.461862862
11/18/2015 3430 0.04802 0.403009002
11/19/2015 3110 0.0475 0.36145353
11/20/2015 3960 0.0484 0.468963475
11/21/2015 7650 0.05139 0.961919048
11/22/2015 7180 0.05095 0.895090823
11/23/2015 7520 0.05106 0.939500732
11/24/2015 7920 0.0512 0.992187187
11/25/2015 7820 0.05102 0.976215456
11/26/2015 6020 0.0496 0.730594906
11/27/2015 4610 0.04826 0.544360638
11/28/2015 6180 0.04949 0.748349376
11/29/2015 6080 0.04929 0.733264854
11/30/2015 5990 0.0491 0.719625901
12/1/2015 6320 0.04924 0.76143633
12/2/2015 9980 0.05142 1.255628271
12/3/2015 12200 0.0524 1.564190304
12/4/2015 12200 0.05227 1.560309679
12/5/2015 11900 0.052 1.51407984
12/6/2015 11600 0.05174 1.468530211
12/7/2015 11700 0.05166 1.47889975
12/8/2015 10700 0.05105 1.336527798
12/9/2015 9167 0.05011 1.12395806
12/10/2015 6730 0.04846 0.797989075
12/11/2015 7220 0.04868 0.859975817
12/12/2015 7340 0.04864 0.873550664
12/13/2015 7430 0.04858 0.883170992
12/14/2015 7090 0.04824 0.836858451
12/15/2015 7440 0.04835 0.880172683
12/16/2015 6870 0.04786 0.804503436
12/17/2015 7690 0.04828 0.908431266
12/18/2015 8480 0.04864 1.009224745
12/19/2015 8450 0.04851 1.002966565
12/20/2015 8320 0.04832 0.983668408
12/21/2015 7700 0.04783 0.901134419
12/22/2015 8230 0.04803 0.967187987
12/23/2015 9770 0.04878 1.166097412
12/24/2015 10700 0.04913 1.286260739
12/25/2015 10500 0.04892 1.256823288
12/26/2015 9670 0.04838 1.144697699
12/27/2015 10400 0.04864 1.237728461
12/28/2015 10900 0.04877 1.300701752
12/29/2015 13000 0.04958 1.577060472
12/30/2015 12100 0.04909 1.453372285
12/31/2015 13900 0.04972 1.691003054
1/1/2016 14600 0.04988 1.781877206
1/2/2016 14200 0.04962 1.724025067
1/3/2016 13800 0.04936 1.666681862
1/4/2016 13130 0.049 1.574197716
1/5/2016 12200 0.0485 1.44777156
1/6/2016 11700 0.04818 1.379275841
1/7/2016 10100 0.04733 1.169651144
1/8/2016 10100 0.04724 1.167427003
1/9/2016 10100 0.04714 1.164955735
1/10/2016 10900 0.04742 1.26469709
1/11/2016 12400 0.04798 1.455728554
1/12/2016 12500 0.04793 1.46593905
1/13/2016 11700 0.0475 1.3598091
1/14/2016 12400 0.0477 1.447233264
1/15/2016 11800 0.04736 1.367389286
1/16/2016 10900 0.04687 1.250028524
1/17/2016 11400 0.04701 1.311274375
1/18/2016 11400 0.04692 1.308763958
1/19/2016 9710 0.04605 1.094075609
1/20/2016 9570 0.0459 1.074788708
1/21/2016 11200 0.04659 1.276759814
1/22/2016 10800 0.04632 1.224026381
1/23/2016 9020 0.04538 1.001542772
1/24/2016 8880 0.04523 0.982738624
1/25/2016 8390 0.0449 0.921736475
1/26/2016 7430 0.04427 0.804816381
1/27/2016 7500 0.04425 0.81203175
1/28/2016 7970 0.04445 0.866819272
1/29/2016 6890 0.04374 0.73738869
1/30/2016 6560 0.04346 0.697576808
1/31/2016 5330 0.04253 0.554652613
2/1/2016 5960 0.04293 0.626045099
2/2/2016 7180 0.04367 0.767195608
2/3/2016 8480 0.04436 0.920419607
2/4/2016 11100 0.04557 1.237657504
2/5/2016 11400 0.04564 1.273060253
2/6/2016 10600 0.04523 1.173088898
2/7/2016 9960 0.04488 1.093731345
2/8/2016 8720 0.04421 0.943268804
2/9/2016 7690 0.0436 0.820372891
2/10/2016 7910 0.04368 0.845390932
2/11/2016 8580 0.044 0.923715936
2/12/2016 8170 0.04373 0.874178268
2/13/2016 7730 0.04344 0.821613908
2/14/2016 6070 0.04237 0.62928246
2/15/2016 6530 0.04264 0.681285035
2/16/2016 8450 0.04373 0.904137866
2/17/2016 11600 0.04517 1.28205469
2/18/2016 12600 0.04554 1.403983627
2/19/2016 12500 0.04547 1.39069995
2/20/2016 12300 0.04536 1.36513823
2/21/2016 12900 0.04556 1.438043083
2/22/2016 13900 0.04591 1.561422973
2/23/2016 13900 0.04588 1.560402658
2/24/2016 15500 0.04641 1.760117814
2/25/2016 21200 0.04803 2.491419845
2/26/2016 22200 0.04826 2.62143301
2/27/2016 21800 0.04814 2.567799154
2/28/2016 21200 0.04797 2.488307515
2/29/2016 20900 0.04788 2.448493186
3/1/2016 20200 0.04769 2.357095418
3/2/2016 19100 0.04738 2.214251234
3/3/2016 18300 0.04715 2.111209146
3/4/2016 17600 0.04694 2.021409139
3/5/2016 16300 0.04653 1.855748545
3/6/2016 15200 0.04617 1.717125091
3/7/2016 15070 0.04612 1.700595489
3/8/2016 14500 0.04593 1.629532098
3/9/2016 14500 0.04594 1.629886884
3/10/2016 15000 0.04611 1.69232922
3/11/2016 16000 0.04645 1.81846176
3/12/2016 16200 0.04652 1.843967203
3/13/2016 15900 0.04644 1.806707333
3/14/2016 14900 0.04612 1.681411598
3/15/2016 13800 0.04575 1.54478718
3/16/2016 12400 0.04523 1.372292674
3/17/2016 10500 0.04446 1.142239644
3/18/2016 10100 0.04429 1.094524597
3/19/2016 10200 0.04436 1.10710849
3/20/2016 9350 0.04398 1.006155968
3/21/2016 8490 0.04356 0.904886342
3/22/2016 7310 0.04293 0.767850616
3/23/2016 8500 0.04362 0.907200036
3/24/2016 7200 0.04292 0.756119923
3/25/2016 4850 0.04134 0.490580953
3/26/2016 4240 0.04086 0.423899292
3/27/2016 4380 0.04101 0.439503514
3/28/2016 4390 0.04105 0.440936605
3/29/2016 3350 0.04011 0.328772846
3/30/2016 3440 0.04024 0.338699758
3/31/2016 3680 0.04052 0.364851156
4/1/2016 3310 0.04018 0.325414123
4/2/2016 3580 0.0405 0.354761532
4/3/2016 3820 0.04078 0.381161525
4/4/2016 3793 0.0408 0.378653066
4/5/2016 3910 0.04096 0.391863828
4/6/2016 5050 0.04199 0.518842717
4/7/2016 5270 0.04221 0.544282586
4/8/2016 8540 0.04433 0.92630514
4/9/2016 8540 0.04439 0.92755888
4/10/2016 8410 0.04438 0.913233355
4/11/2016 8370 0.04441 0.909504188
4/12/2016 9050 0.04484 0.992916334
4/13/2016 10600 0.04565 1.183982052
4/14/2016 9800 0.04534 1.087191538
4/15/2016 9260 0.04514 1.022753592
4/16/2016 6380 0.04354 0.679684827
4/17/2016 4920 0.04254 0.51210741
4/18/2016 4550 0.04229 0.470812033
4/19/2016 5040 0.04277 0.527434165
4/20/2016 4780 0.04263 0.498587862
4/21/2016 4500 0.04246 0.467510076
4/22/2016 4520 0.04255 0.470583257
4/23/2016 4390 0.04252 0.456726539
4/24/2016 3800 0.04204 0.390881194
4/25/2016 3410 0.04172 0.348094491
4/26/2016 3580 0.04197 0.367638062
4/27/2016 3140 0.04157 0.319380315
4/28/2016 2800 0.04125 0.2826054
4/29/2016 3360 0.04198 0.345127991
4/30/2016 3540 0.04225 0.365955642
5/1/2016 3413 0.04221 0.352492688
5/2/2016 5630 0.04426 0.609702922
5/3/2016 9870 0.04692 1.133114059
5/4/2016 10000 0.04707 1.15170876
5/5/2016 10900 0.0476 1.269497712
5/6/2016 10600 0.04756 1.233519965
5/7/2016 8500 0.04658 0.968761524
5/8/2016 8150 0.04648 0.926877202
5/9/2016 7720 0.04632 0.874952191
5/10/2016 5720 0.04508 0.630925976
5/11/2016 4260 0.04395 0.458107024
5/12/2016 3330 0.0431 0.351172076
5/13/2016 2590 0.04229 0.268000695
5/14/2016 2970 0.04288 0.311608788
5/15/2016 3460 0.04354 0.368606505
5/16/2016 4560 0.04473 0.49907086
5/17/2016 3770 0.04407 0.406520895
5/18/2016 3780 0.04418 0.408616579
5/19/2016 3070 0.04349 0.326682789
5/20/2016 3290 0.04385 0.352991272
5/21/2016 3130 0.04377 0.335211845
5/22/2016 3030 0.04375 0.324353925
5/23/2016 2860 0.04364 0.305386087
5/24/2016 2650 0.04347 0.281860349
5/25/2016 2330 0.04312 0.245829017
5/26/2016 1880 0.0425 0.19549932
5/27/2016 1620 0.04212 0.16695593
5/28/2016 1900 0.04274 0.198694841
5/29/2016 2020 0.04305 0.212776175
5/30/2016 2390 0.04374 0.255785046
5/31/2016 2660 0.04423 0.287870424
6/1/2016 2480 0.04408 0.267480261
6/2/2016 3030 0.04493 0.333102214
6/3/2016 3070 0.04509 0.338701471
6/4/2016 3300 0.04548 0.367225531
6/5/2016 6970 0.04883 0.832756391
6/6/2016 6440 0.04857 0.765336529
6/7/2016 5590 0.04803 0.656935704
6/8/2016 5050 0.0477 0.589397418
6/9/2016 4470 0.04728 0.517110627
6/10/2016 947 0.0419 0.097087311
6/11/2016 1230 0.04281 0.128839435
6/12/2016 1470 0.04349 0.156424658
6/13/2016 2360 0.04522 0.261120539
6/14/2016 2130 0.04496 0.234317313
6/15/2016 1830 0.04454 0.199434264
6/16/2016 1210 0.04329 0.128165586
6/17/2016 1210 0.0434 0.128491255
6/18/2016 1150 0.04334 0.121950959
6/19/2016 1360 0.04398 0.146349959
6/20/2016 1460 0.04432 0.158325577
6/21/2016 2700 0.0466 0.307856376
6/22/2016 1150 0.04376 0.123132763
6/23/2016 1300 0.04426 0.140783978
6/24/2016 1320 0.04441 0.143434352
6/25/2016 1250 0.04434 0.13561389
6/26/2016 1260 0.04447 0.137099587
6/27/2016 1480 0.0451 0.163319006
6/28/2016 1360 0.04493 0.149511225
6/29/2016 1670 0.04572 0.186819052
6/30/2016 1170 0.04464 0.127793428
7/1/2016 1140 0.04465 0.124544567
7/2/2016 1100 0.04464 0.120147667
7/3/2016 1190 0.045 0.13102614
7/4/2016 1170 0.04504 0.12893853
7/5/2016 1083 0.0449 0.11897981
7/6/2016 1140 0.04515 0.125939243
7/7/2016 1120 0.04519 0.123839399
7/8/2016 1070 0.04513 0.11815377
7/9/2016 1480 0.04631 0.167700736
7/10/2016 1480 0.04641 0.168062862
7/11/2016 1300 0.04606 0.14650949
7/12/2016 1240 0.046 0.139565472
7/13/2016 984 0.04533 0.109138829
7/14/2016 1280 0.04629 0.144975836
7/15/2016 1030 0.04566 0.115072515
7/16/2016 1180 0.04619 0.133360877
7/17/2016 1170 0.04625 0.132402465
7/18/2016 1370 0.04688 0.157147198
7/19/2016 1420 0.04709 0.163612133
7/20/2016 1260 0.04676 0.144159584
7/21/2016 1120 0.04645 0.127292323
7/22/2016 1120 0.04653 0.127511556
7/23/2016 988 0.04619 0.11166148
7/24/2016 1020 0.04638 0.115752236
7/25/2016 1070 0.04662 0.122054703
7/26/2016 1170 0.04699 0.134520904
7/27/2016 1230 0.04724 0.142171803
7/28/2016 1170 0.04714 0.134950318
7/29/2016 1170 0.04721 0.135150711
7/30/2016 1050 0.04692 0.120544049
7/31/2016 1050 0.04699 0.120723889
8/1/2016 934.7 0.04666 0.106712538
8/2/2016 1060 0.04715 0.122288617
8/3/2016 1070 0.04725 0.123704091
8/4/2016 1070 0.04731 0.123861176
8/5/2016 1080 0.04741 0.125283011
8/6/2016 1070 0.04743 0.124175345
8/7/2016 1050 0.04743 0.12185431
8/8/2016 1060 0.04752 0.123248252
8/9/2016 1050 0.04754 0.122136916
8/10/2016 1070 0.04766 0.124777502
8/11/2016 1090 0.04777 0.127403163
8/12/2016 1060 0.04773 0.12379291
8/13/2016 1190 0.04817 0.140256204
8/14/2016 1860 0.04984 0.226824232
8/15/2016 1720 0.04959 0.208699317
8/16/2016 1410 0.04891 0.168738913
8/17/2016 819 0.04707 0.094324947
8/18/2016 1150 0.04827 0.135823091
8/19/2016 1300 0.04873 0.155002333
8/20/2016 1220 0.04855 0.144926411
8/21/2016 1370 0.04899 0.164220163
8/22/2016 1360 0.049 0.163054752
8/23/2016 1340 0.04897 0.160558527
8/24/2016 1340 0.049 0.160656888
8/25/2016 1530 0.04951 0.185345834
8/26/2016 1960 0.05046 0.241992435
8/27/2016 1590 0.04969 0.193314572
8/28/2016 1220 0.04875 0.14552343
8/29/2016 1140 0.04853 0.135367253
8/30/2016 1100 0.04842 0.130321462
8/31/2016 821 0.04743 0.095278465
9/1/2016 899 0.04775 0.105034395
9/2/2016 1090 0.04842 0.129136721
9/3/2016 1220 0.04883 0.145762238
9/4/2016 1180 0.04871 0.140636681
9/5/2016 1140 0.04859 0.135534614
9/6/2016 1143 0.04862 0.135975184
9/7/2016 1430 0.04941 0.172881835
9/8/2016 1260 0.04894 0.150880454
9/9/2016 1200 0.04877 0.143196523
9/10/2016 1300 0.04905 0.156020202
9/11/2016 1240 0.04887 0.148273144
9/12/2016 1170 0.04865 0.139273079
9/13/2016 1070 0.04832 0.126505432
9/14/2016 1070 0.0483 0.126453071
9/15/2016 1090 0.04835 0.12895003
9/16/2016 1000 0.04803 0.117519804
9/17/2016 858 0.04748 0.099677347
9/18/2016 1090 0.04829 0.128790009
9/19/2016 2760 0.0518 0.349814102
9/20/2016 1320 0.04891 0.157968344
9/21/2016 1260 0.04871 0.150171371
9/22/2016 1040 0.04801 0.122169703
9/23/2016 1200 0.04848 0.142345037
9/24/2016 1020 0.04787 0.119470882
9/25/2016 1050 0.04794 0.123164572
9/26/2016 1120 0.04812 0.131868818
9/27/2016 1140 0.04814 0.134279405
9/28/2016 1080 0.04791 0.126604283
9/29/2016 1050 0.04776 0.122702126
9/30/2016 932 0.04731 0.107886557
10/1/2016 998 0.04749 0.115966135
10/2/2016 1220 0.04814 0.143702521
10/3/2016 1373 0.04852 0.163000825
10/4/2016 1390 0.0485 0.164951022
10/5/2016 1000 0.04729 0.115709172
10/6/2016 897 0.04686 0.102847372
10/7/2016 1100 0.0475 0.1278453
10/8/2016 1290 0.048 0.151505856
10/9/2016 1540 0.04857 0.183015257
10/10/2016 2780 0.05081 0.345614904
10/11/2016 3250 0.05141 0.408817461
10/12/2016 1870 0.04909 0.22461208
10/13/2016 1320 0.04775 0.154221804
10/14/2016 1210 0.04737 0.140244948
10/15/2016 1350 0.04768 0.157495622
10/16/2016 1410 0.04776 0.164771427
10/17/2016 1350 0.04753 0.157000145
10/18/2016 1930 0.04876 0.230260518
10/19/2016 7280 0.05468 0.973998655
10/20/2016 6200 0.05375 0.8153961
10/21/2016 12800 0.05774 1.80836137
10/22/2016 16100 0.05907 2.326972864
10/23/2016 15500 0.05873 2.227358742
10/24/2016 14600 0.05825 2.08088106
10/25/2016 13800 0.0578 1.951665552
10/26/2016 12300 0.05699 1.715150524
10/27/2016 11200 0.05633 1.543676333
10/28/2016 11900 0.05659 1.647726503
10/29/2016 10800 0.05591 1.47744635
10/30/2016 10500 0.05564 1.429469496
10/31/2016 10400 0.05548 1.411784026
11/1/2016 9910 0.0551 1.336053119
11/2/2016 7117 0.05318 0.926069904
11/3/2016 6530 0.05263 0.840901299
11/4/2016 9340 0.05443 1.243894886
11/5/2016 8020 0.05349 1.049652243
11/6/2016 8710 0.05382 1.146991819
11/7/2016 9380 0.05412 1.242107254
11/8/2016 7470 0.05278 0.964691517
11/9/2016 5750 0.05134 0.722307594
11/10/2016 5890 0.05135 0.74003833
11/11/2016 4810 0.05027 0.591633059
11/12/2016 4070 0.04941 0.492048299
11/13/2016 4230 0.04947 0.512012719
11/14/2016 3450 0.04847 0.409157566
11/15/2016 2920 0.04768 0.340657198
11/16/2016 3000 0.04768 0.349990272
11/17/2016 1810 0.04566 0.202214807
11/18/2016 1590 0.04509 0.175418677
11/19/2016 2610 0.0468 0.298871726
11/20/2016 4400 0.04885 0.525915192
11/21/2016 7300 0.05114 0.91344427
11/22/2016 8040 0.05151 1.013318731
11/23/2016 7980 0.05135 1.002632576
11/24/2016 10200 0.05253 1.311010121
11/25/2016 9350 0.05194 1.188261505
11/26/2016 11500 0.05294 1.489636308
11/27/2016 12700 0.05337 1.658438593
11/28/2016 14100 0.05385 1.857818538
11/29/2016 13800 0.0536 1.809849024
11/30/2016 13500 0.05334 1.761916212
12/1/2016 14700 0.0537 1.931479452
12/2/2016 14600 0.05353 1.912267178
12/3/2016 13700 0.05304 1.777962326
12/4/2016 13400 0.05279 1.730832065
12/5/2016 14100 0.05295 1.826768646
12/6/2016 12700 0.05223 1.623013823
12/7/2016 12700 0.0521 1.618974156
12/8/2016 12500 0.05189 1.58705565
12/9/2016 12100 0.05159 1.527387985
12/10/2016 12200 0.0515 1.53732444
12/11/2016 12300 0.05142 1.547517809
12/12/2016 12300 0.0513 1.543906332
12/13/2016 11800 0.05095 1.471040628
12/14/2016 11500 0.05069 1.426325358
12/15/2016 10000 0.04983 1.21924044
12/16/2016 8890 0.04911 1.068243274
12/17/2016 8580 0.04882 1.024904818
12/18/2016 7280 0.0479 0.853228522
12/19/2016 8840 0.04873 1.054015866
12/20/2016 9780 0.04912 1.17542706
12/21/2016 10700 0.04947 1.295162197
12/22/2016 10700 0.04935 1.292020506
12/23/2016 10500 0.04914 1.262475396
12/24/2016 10500 0.04903 1.259649342
12/25/2016 10600 0.04896 1.269830477
12/26/2016 11000 0.04904 1.319901792
12/27/2016 12500 0.0496 1.517016
12/28/2016 13000 0.0497 1.58087748
12/29/2016 13300 0.04971 1.617684692
12/30/2016 13600 0.04971 1.654173821
12/31/2016 11200 0.04858 1.331294093
1/1/2017 11500 0.04861 1.367797902
1/2/2017 12100 0.04877 1.443898276
1/3/2017 11770 0.0485 1.396743546
1/4/2017 13100 0.04897 1.569639328
1/5/2017 14200 0.0493 1.712906808
1/6/2017 13600 0.04896 1.629216461
1/7/2017 12600 0.04846 1.494006293
1/8/2017 10500 0.04743 1.218543102
1/9/2017 10400 0.04728 1.203120922
1/10/2017 11100 0.04751 1.290346895
1/11/2017 10400 0.04709 1.198286045
1/12/2017 9800 0.0467 1.119802488
1/13/2017 13500 0.04823 1.593123714
1/14/2017 12300 0.04766 1.434358202
1/15/2017 12300 0.04757 1.431649595
1/16/2017 11400 0.04709 1.313505857
1/17/2017 11200 0.04691 1.285529146
1/18/2017 13500 0.04778 1.578259404
1/19/2017 14600 0.0481 1.718289768
1/20/2017 14700 0.04805 1.728260478
1/21/2017 14400 0.04786 1.686295411
1/22/2017 14300 0.04774 1.670386318
1/23/2017 14100 0.04759 1.641849289
1/24/2017 13500 0.04729 1.562073822
1/25/2017 13800 0.04732 1.597799549
1/26/2017 14100 0.04736 1.633914317
1/27/2017 14100 0.04728 1.631154326
1/28/2017 14000 0.04717 1.615817784
1/29/2017 13800 0.04703 1.588007455
1/30/2017 12700 0.04654 1.446200714
1/31/2017 13200 0.04667 1.507336459
2/1/2017 12600 0.04637 1.429572262
2/2/2017 11700 0.04594 1.315150106
2/3/2017 11200 0.04567 1.251547987
2/4/2017 10400 0.04525 1.15146408
2/5/2017 9990 0.045 1.09995894
2/6/2017 9877 0.04489 1.084858587
2/7/2017 9290 0.04455 1.012655893
2/8/2017 9840 0.04477 1.077905442
2/9/2017 10900 0.0452 1.205489424
2/10/2017 11200 0.04529 1.241134406
2/11/2017 10300 0.04484 1.130059474
2/12/2017 10000 0.04465 1.0924962
2/13/2017 10000 0.04461 1.09151748
2/14/2017 10100 0.04462 1.102679782
2/15/2017 10500 0.04476 1.149947064
2/16/2017 11500 0.04516 1.270721112
2/17/2017 11400 0.04508 1.257439882
2/18/2017 11300 0.04501 1.244474288
2/19/2017 11200 0.04493 1.231268909
2/20/2017 12800 0.04555 1.426582272
2/21/2017 13400 0.04575 1.50001074
2/22/2017 12500 0.04538 1.3879473
2/23/2017 12700 0.04543 1.411708175
2/24/2017 12000 0.04513 1.325089008
2/25/2017 14600 0.04608 1.646128742
2/26/2017 15300 0.0463 1.733288652
2/27/2017 16000 0.04651 1.820810688
2/28/2017 15400 0.0463 1.744617336
3/1/2017 14600 0.04601 1.643628113
3/2/2017 12900 0.04538 1.432361614
3/3/2017 12500 0.04522 1.3830537
3/4/2017 10900 0.04455 1.188153846
3/5/2017 10600 0.04441 1.151821313
3/6/2017 7920 0.04308 0.8348325
3/7/2017 9990 0.04413 1.078693067
3/8/2017 10400 0.04432 1.12779863
3/9/2017 11100 0.04463 1.212127592
3/10/2017 11700 0.04488 1.284804893
3/11/2017 10000 0.04414 1.08001752
3/12/2017 10000 0.04415 1.0802622
3/13/2017 8960 0.04365 0.956953267
3/14/2017 8510 0.04343 0.904311099
3/15/2017 8200 0.04328 0.868359533
3/16/2017 8210 0.0433 0.869820272
3/17/2017 8680 0.04356 0.925137037
3/18/2017 11400 0.04485 1.251024372
3/19/2017 11200 0.04478 1.227158285
3/20/2017 10700 0.04459 1.167400088
3/21/2017 10400 0.04448 1.131870106
3/22/2017 8950 0.04381 0.959389057
3/23/2017 8680 0.0437 0.928110389
3/24/2017 8270 0.04351 0.880426416
3/25/2017 8300 0.04355 0.884432562
3/26/2017 11000 0.04489 1.208205372
3/27/2017 15000 0.04646 1.70517492
3/28/2017 17800 0.04738 2.063543035
3/29/2017 17200 0.04724 1.98809351
3/30/2017 16400 0.04703 1.887197266
3/31/2017 18500 0.04771 2.159631318
4/1/2017 20400 0.04828 2.409882682
4/2/2017 20300 0.0483 2.399062932
4/3/2017 20070 0.04828 2.370899285
4/4/2017 21800 0.04879 2.60247031
4/5/2017 22800 0.04909 2.738585794
4/6/2017 23800 0.04938 2.875587019
4/7/2017 25700 0.04987 3.135963241
4/8/2017 26500 0.0501 3.24849402
4/9/2017 26800 0.05023 3.293794075
4/10/2017 26300 0.05019 3.22976866
4/11/2017 25500 0.05008 3.124661472
4/12/2017 24600 0.04995 3.006554436
4/13/2017 23500 0.04976 2.861190048
4/14/2017 22400 0.04956 2.716300339
4/15/2017 21900 0.04951 2.652989389
4/16/2017 21100 0.04938 2.549364962
4/17/2017 20500 0.0493 2.47285842
4/18/2017 20000 0.04924 2.40960864
4/19/2017 20500 0.04945 2.48038233
4/20/2017 19300 0.0492 2.323383408
4/21/2017 20700 0.04967 2.515723909
4/22/2017 20900 0.0498 2.546678376
4/23/2017 20700 0.04983 2.523827711
4/24/2017 20300 0.04981 2.474064692
4/25/2017 20100 0.04985 2.451656898
4/26/2017 19600 0.0498 2.388272544
4/27/2017 18900 0.04968 2.297427754
4/28/2017 18300 0.0496 2.220911424
4/29/2017 16700 0.04919 2.009980136
4/30/2017 14200 0.04842 1.682331595
5/1/2017 12830 0.048 1.506837312
5/2/2017 16400 0.04938 1.981496938
5/3/2017 17700 0.04989 2.16065408
5/4/2017 17200 0.04984 2.097514406
5/5/2017 17400 0.05 2.128716
5/6/2017 19700 0.0508 2.448659568
5/7/2017 20600 0.05115 2.578168692
5/8/2017 20700 0.05129 2.5977749
5/9/2017 20400 0.05131 2.561124283
5/10/2017 20100 0.05134 2.524936111
5/11/2017 20100 0.05145 2.530345986
5/12/2017 19500 0.05139 2.451950514
5/13/2017 18200 0.05111 2.276018254
5/14/2017 18500 0.05131 2.322588198
5/15/2017 17500 0.05111 2.18847909
5/16/2017 16800 0.05099 2.096007178
5/17/2017 14800 0.05041 1.825479182
5/18/2017 10600 0.04875 1.2643839
5/19/2017 10400 0.04877 1.241036534
5/20/2017 9700 0.04853 1.151809079
5/21/2017 8520 0.04799 1.000434861
5/22/2017 8860 0.0483 1.047078698
5/23/2017 8850 0.04841 1.048278854
5/24/2017 11200 0.04972 1.362534835
5/25/2017 10700 0.0496 1.298565696
5/26/2017 10500 0.04962 1.274807268
5/27/2017 9290 0.04911 1.116308213
5/28/2017 9400 0.04929 1.133666057
5/29/2017 9020 0.0492 1.085850691
5/30/2017 9730 0.0497 1.183225991
5/31/2017 13100 0.0514 1.647528312
6/1/2017 14000 0.0519 1.77784488
6/2/2017 13400 0.05178 1.697717074
6/3/2017 12600 0.05156 1.589578301
6/4/2017 11500 0.05119 1.440394458
6/5/2017 9300 0.05019 1.142085496
6/6/2017 12300 0.0518 1.558954152
6/7/2017 15000 0.05305 1.9470411
6/8/2017 14600 0.05302 1.894048306
6/9/2017 13700 0.05278 1.769246825
6/10/2017 12400 0.05235 1.588315752
6/11/2017 11800 0.0522 1.507130928
6/12/2017 10200 0.05154 1.286302334
6/13/2017 7680 0.05019 0.943141571
6/14/2017 6380 0.04941 0.771318955
6/15/2017 5500 0.04884 0.657259416
6/16/2017 5640 0.04907 0.677163645
6/17/2017 8460 0.05117 1.059215316
6/18/2017 8820 0.05151 1.111625772
6/19/2017 9600 0.05208 1.223321702
6/20/2017 9730 0.05228 1.24464899
6/21/2017 9550 0.0523 1.222090962
6/22/2017 8950 0.05208 1.140492629
6/23/2017 7780 0.05147 0.979788273
6/24/2017 6560 0.05074 0.814428146
6/25/2017 6210 0.05059 0.768696231
6/26/2017 6630 0.05102 0.82766093
6/27/2017 6620 0.05113 0.828194332
6/28/2017 6620 0.05125 0.83013807
6/29/2017 7500 0.052 0.954252
6/30/2017 6950 0.05173 0.8796821
7/1/2017 9920 0.05372 1.303905592
7/2/2017 14600 0.05607 2.00300431
7/3/2017 15600 0.0566 2.160426528
7/4/2017 14800 0.0564 2.042392896
7/5/2017 13300 0.05588 1.818471547
7/6/2017 12500 0.05563 1.70144355
7/7/2017 11800 0.05541 1.599810818
7/8/2017 11600 0.05543 1.573263038
7/9/2017 10100 0.05475 1.35301923
7/10/2017 6947 0.05285 0.898340051
7/11/2017 6330 0.05248 0.812823045
7/12/2017 6470 0.0527 0.834282949
7/13/2017 5240 0.05177 0.663755181
7/14/2017 7330 0.05355 0.960421606
7/15/2017 9530 0.05508 1.28435566
7/16/2017 13500 0.05723 1.890409914
7/17/2017 13200 0.0572 1.847431872
7/18/2017 12800 0.05712 1.788943565
7/19/2017 12100 0.05689 1.684301269
7/20/2017 9510 0.05559 1.29352749
7/21/2017 9010 0.05538 1.220889094
7/22/2017 7440 0.05443 0.990854171
7/23/2017 7850 0.05481 1.052756498
7/24/2017 7830 0.0549 1.051798576
7/25/2017 8110 0.05518 1.094966979
7/26/2017 9360 0.05607 1.284117831
7/27/2017 9350 0.05615 1.284576117
7/28/2017 10200 0.05674 1.416080606
7/29/2017 9430 0.05638 1.300874007
7/30/2017 9100 0.05626 1.252678409
7/31/2017 8010 0.05563 1.090285027
8/1/2017 7200 0.05513 0.971223005
8/2/2017 7250 0.05524 0.979918932
8/3/2017 7350 0.05539 0.996132652
8/4/2017 7260 0.0554 0.984112747
8/5/2017 8770 0.05652 1.212830803
8/6/2017 8710 0.05655 1.205172563
8/7/2017 5670 0.05431 0.753461964
8/8/2017 3930 0.05261 0.505893762
8/9/2017 3660 0.05235 0.468809327
8/10/2017 2860 0.05133 0.359199538
8/11/2017 3410 0.05215 0.435118114
8/12/2017 3390 0.05218 0.432814941
8/13/2017 2750 0.05133 0.345384171
8/14/2017 2550 0.05107 0.318643094
8/15/2017 2740 0.05141 0.344664567
8/16/2017 2700 0.0514 0.339566904
8/17/2017 2290 0.05077 0.284473042
8/18/2017 2330 0.05088 0.290069119
8/19/2017 2410 0.05106 0.301089995
8/20/2017 2560 0.05134 0.321583903
8/21/2017 2890 0.05189 0.366927266
8/22/2017 2200 0.0508 0.273454368
8/23/2017 2500 0.05135 0.31410795
8/24/2017 2400 0.05121 0.300721507
8/25/2017 3240 0.05251 0.416279956
8/26/2017 2290 0.05107 0.286153994
8/27/2017 1830 0.05022 0.224867282
8/28/2017 1580 0.04969 0.192098757
8/29/2017 1680 0.04993 0.205243456
8/30/2017 1700 0.04999 0.207936404
8/31/2017 1620 0.04983 0.197516951
9/1/2017 1330 0.04912 0.159848465
9/2/2017 1460 0.04946 0.176687343
9/3/2017 1550 0.04969 0.188451313
9/4/2017 1820 0.0503 0.223994753
9/5/2017 1750 0.05016 0.214780104
9/6/2017 2230 0.05111 0.278874764
9/7/2017 2800 0.05205 0.356596632
9/8/2017 4200 0.05387 0.553598287
9/9/2017 3610 0.05316 0.469559516
9/10/2017 2450 0.05147 0.30854515
9/11/2017 1590 0.04977 0.193625805
9/12/2017 1360 0.04919 0.163687005
9/13/2017 1300 0.04901 0.155892968
9/14/2017 1420 0.04932 0.17136017
9/15/2017 1580 0.04969 0.192098757
9/16/2017 2000 0.05057 0.247469352
9/17/2017 1560 0.04961 0.189361767
9/18/2017 1430 0.04926 0.172356996
9/19/2017 1390 0.04913 0.167093685
9/20/2017 1290 0.04884 0.154157208
9/21/2017 1440 0.0492 0.173350886
9/22/2017 1610 0.04958 0.195312874
9/23/2017 1570 0.04946 0.189999403
9/24/2017 1550 0.04937 0.1872377
9/25/2017 1350 0.04883 0.161294279
9/26/2017 1260 0.04855 0.149678096
9/27/2017 1170 0.04824 0.138099349
9/28/2017 1150 0.04814 0.135457295
9/29/2017 1180 0.04818 0.139106452
9/30/2017 1230 0.04828 0.14530175
10/1/2017 1260 0.04832 0.148969014
10/2/2017 1250 0.04824 0.14754204
10/3/2017 1293 0.04832 0.152870583
10/4/2017 1290 0.04825 0.152294949
10/5/2017 1270 0.04813 0.149560895
10/6/2017 1250 0.04802 0.14686917
10/7/2017 1240 0.04793 0.145421154
10/8/2017 1360 0.0482 0.160392634
10/9/2017 1990 0.04955 0.241265491
10/10/2017 3110 0.0513 0.390369812
10/11/2017 2510 0.05034 0.309161499
10/12/2017 6890 0.05499 0.927046275
10/13/2017 4370 0.05262 0.562640192
10/14/2017 1140 0.04718 0.131601627
10/15/2017 1220 0.04734 0.141314445
10/16/2017 2230 0.04949 0.270035454
10/17/2017 2360 0.04964 0.286643599
10/18/2017 1700 0.04831 0.200948344
10/19/2017 1660 0.04814 0.19552966
10/20/2017 1330 0.04726 0.153795571
10/21/2017 1100 0.04653 0.125234564
10/22/2017 919 0.04583 0.10305376
10/23/2017 1220 0.04672 0.139463685
10/24/2017 3550 0.05075 0.440821605
10/25/2017 2650 0.04943 0.320505109
10/26/2017 2040 0.04831 0.241138012
10/27/2017 4980 0.05203 0.63398888
10/28/2017 6090 0.05292 0.788561555
10/29/2017 9100 0.05496 1.223732765
10/30/2017 17300 0.05869 2.484326572
10/31/2017 18200 0.0589 2.622920664
11/1/2017 17300 0.05847 2.475014051
11/2/2017 19000 0.05895 2.74053834
11/3/2017 18800 0.05876 2.702950598
11/4/2017 18400 0.05851 2.634185731
11/5/2017 18300 0.05835 2.612705274
11/6/2017 19100 0.0585 2.73393198
11/7/2017 19000 0.05835 2.71264482
11/8/2017 18700 0.05812 2.659289899
11/9/2017 18200 0.05783 2.575271681
11/10/2017 17100 0.05731 2.397866447
11/11/2017 16800 0.05708 2.346344179
11/12/2017 15900 0.05662 2.202751274
11/13/2017 14800 0.05606 2.030080598
11/14/2017 14270 0.0557 1.944812065
11/15/2017 13700 0.05535 1.855396206
11/16/2017 12800 0.05482 1.716909773
11/17/2017 12400 0.05451 1.653850843
11/18/2017 12600 0.05448 1.679600966
11/19/2017 13000 0.05454 1.734830136
11/20/2017 13300 0.05454 1.774864678
11/21/2017 13600 0.05455 1.815231984
11/22/2017 13400 0.05433 1.78132423
11/23/2017 13400 0.05421 1.777389775
11/24/2017 12700 0.05377 1.670868337
11/25/2017 12500 0.05355 1.63782675
11/26/2017 11900 0.05315 1.547564298
11/27/2017 11700 0.05292 1.514970475
11/28/2017 11800 0.05285 1.525897884
11/29/2017 10400 0.05202 1.323738374
11/30/2017 8970 0.05111 1.121751854
12/1/2017 7290 0.04993 0.890609998
12/2/2017 6510 0.04926 0.784646186
12/3/2017 6740 0.04931 0.813192512
12/4/2017 6160 0.04876 0.734924763
12/5/2017 5827 0.04837 0.689635449
12/6/2017 6080 0.04846 0.720917322
12/7/2017 5640 0.04799 0.662259696
12/8/2017 5140 0.04745 0.596757392
12/9/2017 6310 0.04827 0.745255397
12/10/2017 6460 0.04827 0.762971453
12/11/2017 6340 0.04806 0.745540939
12/12/2017 5810 0.04754 0.675824266
12/13/2017 4210 0.04602 0.474053309
12/14/2017 4510 0.0462 0.509820142
12/15/2017 4780 0.04633 0.541861966
12/16/2017 5130 0.04653 0.584048469
12/17/2017 5040 0.04634 0.571458948
12/18/2017 5190 0.04635 0.588593644
12/19/2017 4790 0.04589 0.537838693
12/20/2017 5540 0.04642 0.629235726
12/21/2017 6840 0.04726 0.790948653
12/22/2017 6960 0.04723 0.804314053
12/23/2017 7030 0.04717 0.811371359
12/24/2017 6800 0.0469 0.780333456
12/25/2017 7300 0.04712 0.841640477
12/26/2017 6620 0.04656 0.754170313
12/27/2017 6570 0.04642 0.746223596
12/28/2017 7230 0.04675 0.827024517
12/29/2017 6680 0.04628 0.756429199
12/30/2017 5590 0.04538 0.620690033
12/31/2017 5830 0.04547 0.648622457
1/1/2018 5880 0.0454 0.653178154
1/2/2018 6000 0.04539 0.666361512
1/3/2018 5930 0.04524 0.656410866
1/4/2018 5840 0.04507 0.644019292
1/5/2018 4710 0.04407 0.507881542
1/6/2018 4740 0.044 0.510304608
1/7/2018 4840 0.04399 0.520952103
1/8/2018 5707 0.04459 0.622649748
1/9/2018 4580 0.04358 0.488372472
1/10/2018 6650 0.04508 0.733506598
1/11/2018 7040 0.04524 0.779280353
1/12/2018 14300 0.04863 1.701526741
1/13/2018 20400 0.05047 2.519195918
1/14/2018 19500 0.05012 2.391355512
1/15/2018 17900 0.04956 2.170615003
1/16/2018 16500 0.04902 1.979045244
1/17/2018 15400 0.04856 1.829775763
1/18/2018 14600 0.04819 1.721504863
1/19/2018 14900 0.04821 1.757607397
1/20/2018 14600 0.04802 1.715431906
1/21/2018 14700 0.04797 1.725383041
1/22/2018 14500 0.04781 1.696231866
1/23/2018 15100 0.04795 1.771593306
1/24/2018 16300 0.04827 1.925144687
1/25/2018 16700 0.04832 1.974430579
1/26/2018 16200 0.04808 1.905802733
1/27/2018 15900 0.04791 1.863896389
1/28/2018 15800 0.0478 1.847921232
1/29/2018 15500 0.04763 1.806386802
1/30/2018 15200 0.04746 1.765101946
1/31/2018 15100 0.04736 1.749794765
2/1/2018 14500 0.04708 1.670332488
2/2/2018 14100 0.04687 1.617009376
2/3/2018 14100 0.04681 1.614939383
2/4/2018 13300 0.04646 1.511921762
2/5/2018 12740 0.04618 1.439533674
2/6/2018 12900 0.04619 1.457928227
2/7/2018 12400 0.04594 1.393834301
2/8/2018 12300 0.04585 1.379885094
2/9/2018 11400 0.04542 1.266923678
2/10/2018 11300 0.04533 1.253321917
2/11/2018 11100 0.0452 1.227608496
2/12/2018 11200 0.04519 1.23839399
2/13/2018 11600 0.04532 1.286312122
2/14/2018 10900 0.04498 1.199621998
2/15/2018 10900 0.04494 1.198555193
2/16/2018 11800 0.04529 1.30762375
2/17/2018 12900 0.04569 1.442146367
2/18/2018 12900 0.04565 1.440883818
2/19/2018 12300 0.04539 1.3660411
2/20/2018 13200 0.0457 1.476007632
2/21/2018 16400 0.04678 1.877165386
2/22/2018 16100 0.04665 1.837705842
2/23/2018 15500 0.04643 1.760876322
2/24/2018 15600 0.04644 1.772618515
2/25/2018 16200 0.04661 1.847534638
2/26/2018 16300 0.04662 1.859338001
2/27/2018 16400 0.04664 1.871547533
2/28/2018 16200 0.04656 1.84555273
3/1/2018 15600 0.04635 1.769183208
3/2/2018 14800 0.04607 1.668316325
3/3/2018 15400 0.04626 1.743110107
3/4/2018 15500 0.04629 1.755566766
3/5/2018 15630 0.04633 1.771820614
3/6/2018 15100 0.04614 1.704719815
3/7/2018 15100 0.04614 1.704719815
3/8/2018 15100 0.04614 1.704719815
3/9/2018 14700 0.046 1.65452616
3/10/2018 14500 0.04594 1.629886884
3/11/2018 13800 0.0457 1.543098888
3/12/2018 13300 0.04552 1.481331869
3/13/2018 12300 0.04514 1.35851719
3/14/2018 9160 0.04376 0.980779227
3/15/2018 8840 0.04361 0.94327174
3/16/2018 9020 0.04372 0.964906346
3/17/2018 9190 0.04382 0.985340551
3/18/2018 8670 0.04358 0.924495486
3/19/2018 8690 0.04361 0.927265998
3/20/2018 7640 0.04306 0.804944349
3/21/2018 7870 0.04321 0.832065414
3/22/2018 6930 0.04268 0.723695908
3/23/2018 6520 0.04245 0.677210623
3/24/2018 7350 0.04299 0.7731313
3/25/2018 6810 0.04269 0.711331005
3/26/2018 6490 0.04252 0.675206205
3/27/2018 7370 0.0431 0.77721868
3/28/2018 9500 0.04427 1.029038442
3/29/2018 9240 0.04418 0.998840526
3/30/2018 13400 0.046 1.50820752
3/31/2018 15500 0.04679 1.774529466
4/1/2018 14600 0.04652 1.661846986
4/2/2018 14200 0.04643 1.613189921
4/3/2018 12440 0.04582 1.394677957
4/4/2018 12700 0.04597 1.428488329
4/5/2018 11700 0.04561 1.305703012
4/6/2018 11800 0.04571 1.31975009
4/7/2018 11900 0.0458 1.333554936
4/8/2018 11500 0.04569 1.285634358
4/9/2018 10300 0.04522 1.139636249
4/10/2018 9490 0.04489 1.042351725
4/11/2018 9980 0.04519 1.103497502
4/12/2018 11500 0.04594 1.292668908
4/13/2018 12400 0.04637 1.406880638
4/14/2018 12400 0.04644 1.409004461
4/15/2018 12900 0.0467 1.474025724
4/16/2018 13600 0.04704 1.565325619
4/17/2018 12300 0.04661 1.40275778
4/18/2018 12500 0.04676 1.4301546
4/19/2018 12500 0.04683 1.43229555
4/20/2018 11700 0.04658 1.333471745
4/21/2018 11200 0.04644 1.27264919
4/22/2018 10500 0.0462 1.18694268
4/23/2018 10100 0.04609 1.139007421
4/24/2018 9770 0.04602 1.100118961
4/25/2018 8660 0.04552 0.96453639
4/26/2018 8540 0.04554 0.951588903
4/27/2018 7210 0.04485 0.791218046
4/28/2018 7900 0.04535 0.876602802
4/29/2018 8660 0.04586 0.971740748
4/30/2018 9410 0.04635 1.067180384
5/1/2018 7900 0.04561 0.881628529
5/2/2018 6250 0.04465 0.682810125
5/3/2018 5950 0.04453 0.648288224
5/4/2018 5510 0.04429 0.597111934
5/5/2018 4670 0.0437 0.499340497
5/6/2018 6770 0.04537 0.751546609
5/7/2018 8780 0.04667 1.00260713
5/8/2018 7713 0.04616 0.871139293
5/9/2018 6210 0.04528 0.688012756
5/10/2018 4920 0.04438 0.534257801
5/11/2018 5640 0.04505 0.621687838
5/12/2018 5440 0.045 0.59897664
5/13/2018 4770 0.04455 0.519953564
5/14/2018 2820 0.04263 0.294145977
5/15/2018 6150 0.04583 0.689641591
5/16/2018 4680 0.04477 0.512662344
5/17/2018 5770 0.04576 0.646041327
5/18/2018 4240 0.04457 0.462388434
5/19/2018 4900 0.04527 0.542756516
5/20/2018 4890 0.04537 0.542845335
5/21/2018 5430 0.04592 0.610098814
5/22/2018 7050 0.0472 0.814197168
5/23/2018 8050 0.04794 0.944261716
5/24/2018 10100 0.04919 1.215616729
5/25/2018 9000 0.04872 1.072872864
5/26/2018 6070 0.04696 0.697453489
5/27/2018 6460 0.04736 0.748587694
5/28/2018 6160 0.04725 0.712165608
5/29/2018 5410 0.04679 0.619368027
5/30/2018 3660 0.04527 0.405405888
5/31/2018 3790 0.04552 0.422123893
6/1/2018 4750 0.04656 0.541134288
6/2/2018 7510 0.04876 0.89598782
6/3/2018 6630 0.04829 0.783374094
6/4/2018 4113 0.0463 0.465948773
6/5/2018 5500 0.04766 0.641379684
6/6/2018 6010 0.04818 0.708499812
6/7/2018 5300 0.04773 0.618964549
6/8/2018 4450 0.04708 0.512619281
6/9/2018 3770 0.04651 0.429028518
6/10/2018 2530 0.04508 0.279063412
6/11/2018 2660 0.04537 0.295290101
6/12/2018 2630 0.04544 0.292410217
6/13/2018 2620 0.04554 0.291939453
6/14/2018 1680 0.04409 0.181237412
6/15/2018 1280 0.04331 0.135642762
6/16/2018 2670 0.04595 0.300189328
6/17/2018 2130 0.04523 0.235724467
6/18/2018 1490 0.04412 0.160849696
6/19/2018 1380 0.04397 0.148468398
6/20/2018 1270 0.04381 0.136136771
6/21/2018 3490 0.04756 0.40613063
6/22/2018 1700 0.04499 0.187138604
6/23/2018 1220 0.044 0.131344224
6/24/2018 1300 0.04431 0.14094302
6/25/2018 1410 0.04468 0.154145464
6/26/2018 2510 0.04682 0.287543532
6/27/2018 1780 0.04568 0.198950287
6/28/2018 1610 0.04544 0.179003973
6/29/2018 1800 0.04593 0.202286743
6/30/2018 2150 0.04667 0.245513135
7/1/2018 2120 0.04673 0.242398604
7/2/2018 1650 0.04594 0.185469887
7/3/2018 1800 0.04635 0.204136524
7/4/2018 3660 0.0492 0.44060017
7/5/2018 6180 0.05171 0.781918493
7/6/2018 6210 0.05185 0.787841462
7/7/2018 5120 0.05102 0.639158968
7/8/2018 2000 0.04723 0.231124728
7/9/2018 1960 0.04726 0.226646105
7/10/2018 1906 0.04726 0.220401774
7/11/2018 1630 0.04679 0.186611808
7/12/2018 1440 0.04646 0.163696792
7/13/2018 1740 0.04722 0.201035939
7/14/2018 1940 0.0477 0.226421978
7/15/2018 1960 0.04784 0.229427628
7/16/2018 1860 0.04774 0.217267032
7/17/2018 1640 0.04738 0.19012419
7/18/2018 1630 0.04744 0.189204193
7/19/2018 1220 0.04653 0.138896517
7/20/2018 1490 0.0473 0.172443124
7/21/2018 1380 0.04712 0.159104638
7/22/2018 1240 0.04684 0.142114059
7/23/2018 977 0.04612 0.110250948
7/24/2018 1330 0.04724 0.153730487
7/25/2018 4420 0.0521 0.563453998
7/26/2018 7070 0.05453 0.943307708
7/27/2018 7390 0.05485 0.991789582
7/28/2018 5890 0.05375 0.774626295
7/29/2018 5490 0.05348 0.718393203
7/30/2018 3120 0.05096 0.389029455
7/31/2018 1130 0.04721 0.130530174
8/1/2018 1260 0.04765 0.146903425
8/2/2018 1290 0.0478 0.150874582
8/3/2018 3620 0.0519 0.45969989
8/4/2018 2410 0.05026 0.296372565
8/5/2018 2420 0.05034 0.298076027
8/6/2018 2560 0.05063 0.317136599
8/7/2018 1240 0.04798 0.145572855
8/8/2018 1450 0.04859 0.172390517
8/9/2018 2920 0.05136 0.366949532
8/10/2018 2090 0.05006 0.255997429
8/11/2018 4110 0.053 0.532986444
8/12/2018 2760 0.05129 0.346369987
8/13/2018 3390 0.05223 0.433229674
8/14/2018 5460 0.05454 0.728628657
8/15/2018 7370 0.05617 1.012908892
8/16/2018 7960 0.05665 1.103345311
8/17/2018 8200 0.05686 1.140825394
8/18/2018 8070 0.05682 1.12194931
8/19/2018 7360 0.05635 1.014776045
8/20/2018 6920 0.05606 0.949199847
8/21/2018 5660 0.05504 0.762242796
8/22/2018 4820 0.05427 0.64003737
8/23/2018 4470 0.05393 0.58984298
8/24/2018 3890 0.05331 0.507407352
8/25/2018 3770 0.05319 0.490647751
8/26/2018 3880 0.05335 0.506482706
8/27/2018 3380 0.05275 0.436252206
8/28/2018 3540 0.05298 0.458895383
8/29/2018 3600 0.05307 0.467466034
8/30/2018 3240 0.05262 0.417151996
8/31/2018 3510 0.05299 0.455092321
9/1/2018 2140 0.05091 0.266572498
9/2/2018 2700 0.05187 0.342671893
9/3/2018 1970 0.0506 0.243901918
9/4/2018 2590 0.05171 0.327697233
9/5/2018 2253 0.05115 0.281971556
9/6/2018 2570 0.05169 0.325040986
9/7/2018 3910 0.05354 0.512216538
9/8/2018 1800 0.05026 0.221357102
9/9/2018 1650 0.04993 0.201578395
9/10/2018 2900 0.05218 0.37025467
9/11/2018 4950 0.05465 0.661902219
9/12/2018 3500 0.05299 0.453795762
9/13/2018 3840 0.0534 0.501731021
9/14/2018 3240 0.05262 0.417151996
9/15/2018 2990 0.05225 0.382257447
9/16/2018 2480 0.05144 0.312141212
9/17/2018 2800 0.05192 0.355705997
9/18/2018 3740 0.05318 0.486651882
9/19/2018 4170 0.05366 0.547501351
9/20/2018 3340 0.05261 0.429945334
9/21/2018 3410 0.05268 0.439540216
9/22/2018 1570 0.04949 0.190114647
9/23/2018 1470 0.04922 0.177034299
9/24/2018 1340 0.04884 0.160132294
9/25/2018 2760 0.05161 0.348531
9/26/2018 3050 0.052 0.38806248
9/27/2018 4610 0.05385 0.60741443
9/28/2018 4960 0.05417 0.657414054
9/29/2018 3680 0.0527 0.474522605
9/30/2018 3470 0.05238 0.444726942
10/1/2018 3540 0.05242 0.454044846
10/2/2018 3060 0.05172 0.387238398
10/3/2018 4720 0.05366 0.619713759
10/4/2018 4480 0.05335 0.584804774
10/5/2018 5980 0.05473 0.800801917
10/6/2018 8180 0.05635 1.127835332
10/7/2018 7120 0.05552 0.967225912
10/8/2018 8030 0.05611 1.102438282
10/9/2018 6690 0.05505 0.901118515
10/10/2018 6683 0.05498 0.899031003
10/11/2018 6080 0.0544 0.809283994
10/12/2018 6240 0.05446 0.831497023
10/13/2018 8100 0.05579 1.105706473
10/14/2018 8030 0.05566 1.093596771
10/15/2018 8060 0.0556 1.096499165
10/16/2018 6750 0.05456 0.901107504
10/17/2018 4350 0.05228 0.556446362
10/18/2018 4090 0.05191 0.519484757
10/19/2018 3350 0.05094 0.417543973
10/20/2018 2140 0.04901 0.25662381
10/21/2018 841 0.04562 0.093874956
10/22/2018 767 0.04523 0.084882942
10/23/2018 2600 0.04953 0.31509401
10/24/2018 5680 0.05296 0.736028759
10/25/2018 7250 0.05412 0.960050916
10/26/2018 7890 0.05447 1.051557076
10/27/2018 7030 0.05376 0.924725975
10/28/2018 9400 0.05524 1.270515581
10/29/2018 11500 0.0563 1.58418066
10/30/2018 11800 0.05634 1.626662002
10/31/2018 11700 0.05618 1.608296321
11/1/2018 11800 0.05612 1.620310109
11/2/2018 12900 0.05654 1.784612729
11/3/2018 12800 0.05638 1.765767475
11/4/2018 14000 0.05681 1.946037912
11/5/2018 13900 0.05664 1.926355853
11/6/2018 13600 0.0564 1.876793472
11/7/2018 13200 0.0561 1.811904336
11/8/2018 12700 0.05575 1.73239557
11/9/2018 13100 0.05582 1.789202926
11/10/2018 13900 0.05605 1.906289646
11/11/2018 13900 0.05593 1.902208384
11/12/2018 13300 0.05554 1.807407118
11/13/2018 13300 0.05542 1.803502025
11/14/2018 13000 0.05516 1.754551344
11/15/2018 12700 0.0549 1.705982364
11/16/2018 12900 0.05487 1.731901316
11/17/2018 12700 0.05465 1.698213774
11/18/2018 12700 0.05453 1.694484851
11/19/2018 12200 0.05417 1.617026503
11/20/2018 10400 0.05315 1.352493168
11/21/2018 9640 0.05261 1.240920067
11/22/2018 9420 0.05236 1.2068381
11/23/2018 9230 0.05213 1.177302043
11/24/2018 8640 0.05166 1.092110584
11/25/2018 11600 0.05313 1.507982414
11/26/2018 12900 0.0536 1.691815392
11/27/2018 19000 0.05577 2.592702684
11/28/2018 20700 0.05616 2.844434362
11/29/2018 20400 0.05594 2.792229437
11/30/2018 19600 0.05556 2.664506477
12/1/2018 18800 0.05517 2.537811173
12/2/2018 20100 0.05544 2.726576899
12/3/2018 21100 0.05561 2.871004163
12/4/2018 21200 0.0555 2.87890488
12/5/2018 20700 0.05522 2.796824527
12/6/2018 19700 0.05479 2.640985388
12/7/2018 18600 0.05431 2.471674169
12/8/2018 18000 0.05399 2.377849176
12/9/2018 17500 0.05369 2.29895211
12/10/2018 16900 0.05336 2.206485091
12/11/2018 16700 0.05316 2.17220053
12/12/2018 16200 0.05286 2.095273138
12/13/2018 15900 0.05262 2.047134794
12/14/2018 15200 0.05224 1.942876646
12/15/2018 14800 0.05196 1.881608774
12/16/2018 14400 0.05168 1.820888986
12/17/2018 14200 0.05148 1.788649949
12/18/2018 13500 0.05108 1.687264344
12/19/2018 13300 0.05087 1.655433923
12/20/2018 12900 0.05059 1.596808595
12/21/2018 13700 0.0508 1.702874928
12/22/2018 16100 0.05157 2.031521764
12/23/2018 17000 0.05176 2.152988256
12/24/2018 16800 0.05157 2.119848797
12/25/2018 16400 0.05132 2.059344326
12/26/2018 16000 0.05106 1.998937728
12/27/2018 15300 0.0507 1.898007228
12/28/2018 15600 0.05069 1.934841355
12/29/2018 16400 0.05085 2.040484392
12/30/2018 16500 0.05077 2.049696594
12/31/2018 16300 0.05059 2.017672876
