1/1/2015 83.5 0.05119 0.010458516
1/2/2015 81.3 0.05011 0.009968124
1/3/2015 90.7 0.05313 0.011790862
1/4/2015 237 0.10427 0.060465297
1/5/2015 225 0.09943 0.054739198
1/6/2015 120 0.06237 0.01831283
1/7/2015 99.8 0.05513 0.01346223
1/8/2015 96 0.05356 0.012580858
1/9/2015 82 0.04853 0.009736943
1/10/2015 82.9 0.04861 0.009860039
1/11/2015 79.9 0.04738 0.009262758
1/12/2015 80.8 0.04748 0.009386864
1/13/2015 77.2 0.04608 0.008704188
1/14/2015 68.4 0.04295 0.00718816
1/15/2015 77.9 0.04596 0.008760239
1/16/2015 74.7 0.04473 0.008175569
1/17/2015 67.2 0.04209 0.006920647
1/18/2015 76.3 0.04497 0.008395487
1/19/2015 78.2 0.04546 0.008698305
1/20/2015 76.5 0.04477 0.008380058
1/21/2015 67.7 0.04176 0.006917476
1/22/2015 75.4 0.04418 0.008150712
1/23/2015 69.4 0.04212 0.00715231
1/24/2015 69.2 0.04196 0.007104607
1/25/2015 67.5 0.04133 0.006826021
1/26/2015 58.1 0.03818 0.005427634
1/27/2015 63.4 0.03985 0.006181816
1/28/2015 57.3 0.0378 0.005299622
1/29/2015 60.8 0.0389 0.005786976
1/30/2015 63.9 0.03987 0.006233695
1/31/2015 57.4 0.03772 0.005297635
2/1/2015 61.6 0.03907 0.005888743
2/2/2015 53.4 0.03637 0.004752072
2/3/2015 61.2 0.03891 0.005826545
2/4/2015 66.6 0.04066 0.006625827
2/5/2015 63 0.03949 0.00608732
2/6/2015 56.1 0.03726 0.005114512
2/7/2015 65.9 0.04047 0.00652555
2/8/2015 64.2 0.03994 0.006273957
2/9/2015 58.7 0.03818 0.005483685
2/10/2015 63 0.03963 0.006108901
2/11/2015 62.2 0.03941 0.005997846
2/12/2015 65.5 0.04055 0.006498762
2/13/2015 56.5 0.03766 0.005206277
2/14/2015 64.3 0.04029 0.006338795
2/15/2015 57.3 0.03807 0.005337476
2/16/2015 61.5 0.03954 0.005949908
2/17/2015 61.3 0.03956 0.005933559
2/18/2015 64.5 0.04072 0.006426373
2/19/2015 66.2 0.0414 0.006705896
2/20/2015 60.4 0.03959 0.005850876
2/21/2015 65 0.04124 0.006558892
2/22/2015 70.2 0.04311 0.007404805
2/23/2015 67.9 0.04249 0.007059192
2/24/2015 59 0.03964 0.005722478
2/25/2015 71.4 0.04398 0.007683373
2/26/2015 68.8 0.04328 0.007285748
2/27/2015 64.5 0.04199 0.006626803
2/28/2015 58.4 0.04008 0.005727156
3/1/2015 65.3 0.04264 0.00681285
3/2/2015 70.3 0.04456 0.007664767
3/3/2015 65.4 0.04308 0.006893693
3/4/2015 70.6 0.0451 0.007790758
3/5/2015 68.9 0.04474 0.007542471
3/6/2015 62 0.04255 0.006454903
3/7/2015 68.2 0.04498 0.007505892
3/8/2015 70.4 0.04601 0.00792544
3/9/2015 73.7 0.04746 0.008558422
3/10/2015 91.2 0.05399 0.012047769
3/11/2015 183 0.08718 0.0390361
3/12/2015 257 0.11496 0.072290021
3/13/2015 234 0.1071 0.061320234
3/14/2015 305 0.13479 0.100590272
3/15/2015 400 0.17335 0.169661112
3/16/2015 352 0.15519 0.13366105
3/17/2015 567 0.24677 0.342352806
3/18/2015 511 0.224 0.280070515
3/19/2015 328 0.14882 0.119435551
3/20/2015 272 0.12744 0.084815092
3/21/2015 261 0.12402 0.079201007
3/22/2015 307 0.1436 0.107867667
3/23/2015 232 0.1143 0.064883264
3/24/2015 189 0.09803 0.045333503
3/25/2015 187 0.09802 0.044849208
3/26/2015 303 0.14659 0.108678953
3/27/2015 396 0.18815 0.182304706
3/28/2015 284 0.14096 0.097951864
3/29/2015 218 0.11425 0.060941224
3/30/2015 223 0.11735 0.064030432
3/31/2015 243 0.12694 0.07547502
4/1/2015 213 0.11515 0.060012541
4/2/2015 216 0.11749 0.062094499
4/3/2015 341 0.17451 0.145603954
4/4/2015 429 0.21772 0.22853572
4/5/2015 310 0.16336 0.123909867
4/6/2015 229 0.12777 0.071591729
4/7/2015 194 0.11316 0.053714698
4/8/2015 233 0.13207 0.075293688
4/9/2015 305 0.16731 0.124859103
4/10/2015 329 0.18062 0.145398594
4/11/2015 263 0.1503 0.096719313
4/12/2015 196 0.11976 0.057433639
4/13/2015 173 0.11002 0.04657107
4/14/2015 245 0.14601 0.087528031
4/15/2015 193 0.12197 0.057598186
4/16/2015 155 0.10464 0.039685139
4/17/2015 160 0.10818 0.042351172
4/18/2015 156 0.10732 0.04096413
4/19/2015 137 0.09892 0.033159131
4/20/2015 159 0.1111 0.043222477
4/21/2015 227 0.14748 0.081913873
4/22/2015 178 0.12333 0.053713964
4/23/2015 150 0.10996 0.040357519
4/24/2015 133 0.10216 0.033245357
4/25/2015 125 0.099 0.03027915
4/26/2015 118 0.0963 0.027803967
4/27/2015 111 0.09353 0.025402262
4/28/2015 104 0.0907 0.023080175
4/29/2015 101 0.09002 0.022246355
4/30/2015 98.3 0.08947 0.021519364
5/1/2015 93.7 0.08783 0.020136359
5/2/2015 90.6 0.08701 0.019288384
5/3/2015 87.7 0.08627 0.018512193
5/4/2015 83.8 0.08491 0.017410103
5/5/2015 81.5 0.08447 0.016844517
5/6/2015 80.7 0.08491 0.016766053
5/7/2015 85.3 0.08864 0.018500235
5/8/2015 81.6 0.08734 0.017438207
5/9/2015 76.5 0.08511 0.015930907
5/10/2015 139 0.12523 0.042591374
5/11/2015 222 0.17974 0.097632899
5/12/2015 443 0.33347 0.361458937
5/13/2015 244 0.19832 0.118400848
5/14/2015 140 0.13143 0.045021609
5/15/2015 115 0.11633 0.032733168
5/16/2015 115 0.11759 0.033087709
5/17/2015 106 0.11277 0.029248117
5/18/2015 107 0.11467 0.030021477
5/19/2015 111 0.11865 0.032224723
5/20/2015 90.3 0.10547 0.023303179
5/21/2015 81.4 0.10029 0.019974711
5/22/2015 75.9 0.0974 0.01808836
5/23/2015 71.5 0.09523 0.016660127
5/24/2015 69.6 0.09483 0.016149291
5/25/2015 68.4 0.09492 0.015885918
5/26/2015 71.2 0.09801 0.017074534
5/27/2015 69.8 0.09795 0.016728551
5/28/2015 90.4 0.11466 0.025361728
5/29/2015 71 0.10088 0.017525156
5/30/2015 85.4 0.11312 0.023637184
5/31/2015 365 0.3394 0.303112031
6/1/2015 642 0.59482 0.93437038
6/2/2015 309 0.29823 0.225480132
6/3/2015 196 0.20691 0.099228408
6/4/2015 144 0.16637 0.058618673
6/5/2015 179 0.1968 0.086193913
6/6/2015 565 0.54749 0.756873171
6/7/2015 240 0.25248 0.148264335
6/8/2015 254 0.26703 0.165955727
6/9/2015 456 0.45556 0.508286879
6/10/2015 479 0.48213 0.565064653
6/11/2015 1300 1.43687 4.570453571
6/12/2015 568 0.58125 0.80781102
6/13/2015 677 0.7027 1.164011026
6/14/2015 377 0.39802 0.367151002
6/15/2015 352 0.37705 0.324743211
6/16/2015 404 0.43161 0.426649593
6/17/2015 457 0.48922 0.547039738
6/18/2015 213 0.25236 0.131522057
6/19/2015 159 0.20377 0.079274925
6/20/2015 140 0.18759 0.06425933
6/21/2015 134 0.1834 0.060131578
6/22/2015 131 0.18196 0.058323784
6/23/2015 116 0.169 0.047967067
6/24/2015 103 0.15775 0.039756218
6/25/2015 92.6 0.1488 0.033714164
6/26/2015 87.8 0.14515 0.031182435
6/27/2015 167 0.22408 0.091562584
6/28/2015 604 0.70074 1.035600662
6/29/2015 322 0.38677 0.304724325
6/30/2015 211 0.27323 0.141061764
7/1/2015 654 0.77567 1.241232719
7/2/2015 381 0.45887 0.427772747
7/3/2015 207 0.27417 0.138863705
7/4/2015 151 0.21768 0.080425533
7/5/2015 131 0.19824 0.063542026
7/6/2015 119 0.18688 0.0544137
7/7/2015 113 0.18163 0.050218588
7/8/2015 117 0.18677 0.053467694
7/9/2015 124 0.19509 0.05919093
7/10/2015 161 0.23531 0.092696798
7/11/2015 121 0.19377 0.057368089
7/12/2015 100 0.17219 0.042131449
7/13/2015 90.9 0.16315 0.036286864
7/14/2015 89.3 0.16211 0.035420912
7/15/2015 97.1 0.17122 0.04067918
7/16/2015 88.2 0.16218 0.034999703
7/17/2015 82.2 0.1562 0.031416031
7/18/2015 437 0.56315 0.602149039
7/19/2015 246 0.33904 0.204072516
7/20/2015 122 0.20166 0.060197446
7/21/2015 91.2 0.16821 0.037535752
7/22/2015 80.3 0.15654 0.030756672
7/23/2015 73.3 0.1491 0.026741151
7/24/2015 72.1 0.14812 0.026130483
7/25/2015 68.5 0.14438 0.024198925
7/26/2015 77.5 0.15484 0.029361845
7/27/2015 70.4 0.14709 0.025336947
7/28/2015 64.3 0.14039 0.022087452
7/29/2015 60.4 0.13614 0.020119684
7/30/2015 65.7 0.14239 0.02288987
7/31/2015 70.9 0.14848 0.025758031
8/1/2015 61.6 0.13798 0.020796743
8/2/2015 56.1 0.13174 0.018083354
8/3/2015 54.2 0.12962 0.017189759
8/4/2015 54.8 0.13036 0.017479274
8/5/2015 64.3 0.14132 0.022233768
8/6/2015 54.7 0.13026 0.017433993
8/7/2015 51.8 0.12687 0.016080042
8/8/2015 50.1 0.12485 0.015304697
8/9/2015 49.9 0.12455 0.015206972
8/10/2015 180 0.27199 0.119790924
8/11/2015 818 1.10055 2.202731455
8/12/2015 290 0.39896 0.283090845
8/13/2015 131 0.21577 0.069160931
8/14/2015 99.1 0.17966 0.043563576
8/15/2015 75 0.15225 0.027939398
8/16/2015 68.3 0.14439 0.024129943
8/17/2015 63 0.1381 0.021287894
8/18/2015 63.9 0.1388 0.021701452
8/19/2015 71 0.14646 0.025443441
8/20/2015 203 0.293 0.145533217
8/21/2015 227 0.31928 0.177335647
8/22/2015 106 0.18393 0.047704232
8/23/2015 81 0.15585 0.030888036
8/24/2015 72.6 0.14606 0.02594576
8/25/2015 70.5 0.14324 0.024708814
8/26/2015 68.8 0.14084 0.023708983
8/27/2015 68.9 0.14041 0.023670952
8/28/2015 68.2 0.13907 0.023206856
8/29/2015 66.3 0.13642 0.02213044
8/30/2015 67.6 0.13724 0.022700001
8/31/2015 63.1 0.13175 0.020341288
9/1/2015 60.6 0.12844 0.01904458
9/2/2015 61.3 0.12856 0.019282565
9/3/2015 67.8 0.13484 0.022369018
9/4/2015 69.2 0.13561 0.02296129
9/5/2015 65.7 0.1312 0.021091025
9/6/2015 65.2 0.12995 0.0207311
9/7/2015 66.1 0.13015 0.021049612
9/8/2015 63.8 0.127 0.019825442
9/9/2015 103 0.16621 0.041888311
9/10/2015 79.9 0.14186 0.027733534
9/11/2015 67.8 0.12873 0.021355411
9/12/2015 167 0.2268 0.092674018
9/13/2015 180 0.23825 0.104931018
9/14/2015 116 0.17365 0.049286871
9/15/2015 81.4 0.1387 0.027624812
9/16/2015 68.1 0.12474 0.020785062
9/17/2015 61.5 0.1174 0.017666141
9/18/2015 58.5 0.11363 0.016264748
9/19/2015 77.9 0.13138 0.025041779
9/20/2015 105 0.15591 0.040055462
9/21/2015 69 0.121 0.020428333
9/22/2015 61.7 0.1132 0.017089528
9/23/2015 58.9 0.10968 0.0158067
9/24/2015 57 0.10702 0.014925823
9/25/2015 55.8 0.10504 0.014341262
9/26/2015 55.5 0.10389 0.014107992
9/27/2015 54.3 0.10192 0.013541218
9/28/2015 57.8 0.10419 0.014735075
9/29/2015 86.1 0.12824 0.027016254
9/30/2015 319 0.33295 0.259877197
10/1/2015 166 0.19451 0.079003893
10/2/2015 110 0.14515 0.039066832
10/3/2015 78.3 0.11711 0.022436454
10/4/2015 70.7 0.10964 0.018966488
10/5/2015 66.9 0.10544 0.017259571
10/6/2015 64.2 0.10221 0.016055613
10/7/2015 62.4 0.09975 0.015229862
10/8/2015 61.9 0.09839 0.014901846
10/9/2015 247 0.24604 0.148696636
10/10/2015 162 0.17551 0.069568935
10/11/2015 103 0.12777 0.032200647
10/12/2015 81.4 0.10981 0.021870805
10/13/2015 76.8 0.10518 0.01976482
10/14/2015 73.7 0.10175 0.018348492
10/15/2015 73.1 0.10027 0.0179344
10/16/2015 94.9 0.11548 0.026814608
10/17/2015 111 0.1261 0.034248104
10/18/2015 78.5 0.10117 0.019432106
10/19/2015 71.5 0.09505 0.016628636
10/20/2015 71 0.0937 0.016277826
10/21/2015 68.8 0.09116 0.01534586
10/22/2015 73.7 0.09365 0.016887826
10/23/2015 70.5 0.09043 0.015599121
10/24/2015 69.1 0.08851 0.014964729
10/25/2015 103 0.11053 0.027855815
10/26/2015 77.8 0.0925 0.017608396
10/27/2015 71 0.08698 0.015110409
10/28/2015 192 0.16532 0.077664955
10/29/2015 348 0.26878 0.228862515
10/30/2015 208 0.17217 0.087623236
10/31/2015 140 0.12697 0.043493827
11/1/2015 107 0.10498 0.027484562
11/2/2015 86.6 0.09122 0.019328869
11/3/2015 76.6 0.08408 0.015758684
11/4/2015 73.7 0.0814 0.014678794
11/5/2015 70.8 0.07877 0.013645598
11/6/2015 69.9 0.07738 0.013234404
11/7/2015 68.9 0.07595 0.012803994
11/8/2015 66.5 0.07372 0.011995143
11/9/2015 64 0.07147 0.011191859
11/10/2015 75.4 0.07724 0.014249909
11/11/2015 125 0.10426 0.031887921
11/12/2015 108 0.09372 0.024765922
11/13/2015 104 0.09052 0.023034371
11/14/2015 94.1 0.08417 0.019379627
11/15/2015 80.7 0.07605 0.015016587
11/16/2015 74.7 0.07203 0.013165352
11/17/2015 70.5 0.06904 0.011909359
11/18/2015 68.1 0.06704 0.011170679
11/19/2015 66.5 0.0655 0.010657649
11/20/2015 65.3 0.0642 0.010257622
11/21/2015 62.8 0.06225 0.009565275
11/22/2015 61.1 0.06074 0.009080598
11/23/2015 60.6 0.05986 0.008875806
11/24/2015 60.8 0.05935 0.008829229
11/25/2015 61.2 0.05894 0.008825921
11/26/2015 60.2 0.05785 0.008521152
11/27/2015 62.1 0.05819 0.008841754
11/28/2015 95.6 0.07344 0.01717865
11/29/2015 81.6 0.06619 0.013215421
11/30/2015 74.9 0.06243 0.011441254
12/1/2015 70.4 0.05975 0.01029222
12/2/2015 116 0.0798 0.022649538
12/3/2015 195 0.11449 0.054626156
12/4/2015 139 0.08846 0.030085706
12/5/2015 107 0.0736 0.019269039
12/6/2015 87.9 0.06461 0.013895913
12/7/2015 79.6 0.06043 0.011769666
12/8/2015 76.2 0.05842 0.010892185
12/9/2015 72.6 0.05636 0.01001166
12/10/2015 70.4 0.05492 0.009460229
12/11/2015 68.5 0.05364 0.008990375
12/12/2015 68 0.05296 0.008811612
12/13/2015 63.9 0.05081 0.00794417
12/14/2015 64.4 0.05058 0.007970089
12/15/2015 72.8 0.05357 0.009542266
12/16/2015 66.9 0.05075 0.008307314
12/17/2015 68.6 0.05102 0.008563731
12/18/2015 72.7 0.05223 0.009290796
12/19/2015 72 0.05154 0.009079781
12/20/2015 65 0.04841 0.007699223
12/21/2015 60.2 0.04618 0.006802192
12/22/2015 150 0.08 0.0293616
12/23/2015 150 0.07941 0.029145058
12/24/2015 113 0.06501 0.017974511
12/25/2015 87 0.05489 0.011684522
12/26/2015 75.1 0.0501 0.009206109
12/27/2015 164 0.08235 0.033045013
12/28/2015 173 0.0851 0.036022524
12/29/2015 201 0.09478 0.046613449
12/30/2015 313 0.13594 0.104109431
12/31/2015 242 0.10857 0.064287076
