1/1/2017 3690 0.08863 0.800212972
1/2/2017 3180 0.07434 0.578426456
1/3/2017 2290 0.05378 0.30133859
1/4/2017 3433 0.08025 0.674089118
1/5/2017 6230 0.1809 2.757560728
1/6/2017 5460 0.14688 1.962247473
1/7/2017 4550 0.1127 1.254682338
1/8/2017 3940 0.09295 0.896074436
1/9/2017 4000 0.09432 0.923128704
1/10/2017 3360 0.07618 0.626294673
1/11/2017 3210 0.07208 0.566132754
1/12/2017 3080 0.06863 0.517205563
1/13/2017 6160 0.17159 2.586253898
1/14/2017 8040 0.26753 5.262922928
1/15/2017 7560 0.23916 4.423935761
1/16/2017 6540 0.1867 2.987586842
1/17/2017 6697 0.19334 3.168111697
1/18/2017 8470 0.28939 5.997432958
1/19/2017 8850 0.31253 6.767580875
1/20/2017 8620 0.2967 6.257823127
1/21/2017 7870 0.25105 4.834298132
1/22/2017 7560 0.23323 4.31424376
1/23/2017 7040 0.20582 3.545346647
1/24/2017 6470 0.17846 2.825163854
1/25/2017 5790 0.14928 2.11484558
1/26/2017 5610 0.14183 1.946836303
1/27/2017 5960 0.15522 2.263562084
1/28/2017 5500 0.13688 1.842048912
1/29/2017 4720 0.10945 1.264026667
1/30/2017 4010 0.08792 0.862641851
1/31/2017 3150 0.06601 0.508766794
2/1/2017 2760 0.05741 0.387699375
2/2/2017 2690 0.05585 0.367598668
2/3/2017 2320 0.04868 0.27633572
2/4/2017 2370 0.04948 0.286930364
2/5/2017 2280 0.04777 0.26649469
2/6/2017 1863 0.04081 0.186027831
2/7/2017 2140 0.04517 0.236516986
2/8/2017 2410 0.04985 0.293954882
2/9/2017 6000 0.15248 2.238528384
2/10/2017 6050 0.15425 2.283384345
2/11/2017 5450 0.13125 1.750226625
2/12/2017 5150 0.12058 1.519430992
2/13/2017 7000 0.19479 3.336285204
2/14/2017 7080 0.19835 3.436085282
2/15/2017 6760 0.18342 3.033834299
2/16/2017 6530 0.17315 2.766522133
2/17/2017 5820 0.14415 2.0527502
2/18/2017 5300 0.12509 1.622172124
2/19/2017 5610 0.13611 1.868320448
2/20/2017 5930 0.14817 2.149876171
2/21/2017 5650 0.1375 1.90085775
2/22/2017 5167 0.12032 1.521159509
2/23/2017 4620 0.10272 1.161169068
2/24/2017 4650 0.10363 1.179062761
2/25/2017 6490 0.17096 2.714798983
2/26/2017 7110 0.19893 3.46073508
2/27/2017 6800 0.18468 3.072750163
2/28/2017 5900 0.14708 2.12326453
3/1/2017 4850 0.11008 1.306317158
3/2/2017 3840 0.08089 0.760019144
3/3/2017 3220 0.06588 0.519048492
3/4/2017 2730 0.05551 0.3707937
3/5/2017 2130 0.04457 0.232284756
3/6/2017 1740 0.03858 0.164251727
3/7/2017 2120 0.04451 0.230882984
3/8/2017 3320 0.06854 0.556776191
3/9/2017 5220 0.12335 1.575462712
3/10/2017 4710 0.10669 1.229541223
3/11/2017 3730 0.0789 0.7200859
3/12/2017 2860 0.05878 0.411333505
3/13/2017 2190 0.04611 0.247080066
3/14/2017 2190 0.0462 0.24756233
3/15/2017 2130 0.04527 0.235932935
3/16/2017 2530 0.0526 0.32561525
3/17/2017 3250 0.06802 0.540901842
3/18/2017 3160 0.0661 0.511077797
3/19/2017 2620 0.05473 0.350853014
3/20/2017 2100 0.04528 0.232661318
3/21/2017 2300 0.04891 0.275247872
3/22/2017 3990 0.08787 0.857851261
3/23/2017 4690 0.10915 1.252549952
3/24/2017 3930 0.0867 0.833700611
3/25/2017 5810 0.15021 2.135371541
3/26/2017 10500 0.42696 10.96920014
3/27/2017 11330 0.49925 13.84033032
3/28/2017 7960 0.25565 4.979174383
3/29/2017 6710 0.19148 3.143724001
3/30/2017 5330 0.13403 1.747944739
3/31/2017 5770 0.1516 2.140294258
4/1/2017 10200 0.41162 10.27294852
4/2/2017 10700 0.45404 11.88711227
4/3/2017 9330 0.34941 7.9765565
4/4/2017 9033 0.33013 7.296514905
4/5/2017 8790 0.31504 6.775682475
4/6/2017 7700 0.24929 4.696713344
4/7/2017 11700 0.5548 15.88257029
4/8/2017 13570 0.76085 25.26256037
4/9/2017 10200 0.42501 10.60712757
4/10/2017 9250 0.35383 8.008199007
4/11/2017 8640 0.31307 6.618410001
4/12/2017 8590 0.31116 6.539964614
4/13/2017 8110 0.2817 5.589927472
4/14/2017 7840 0.2665 5.112246048
4/15/2017 7170 0.22941 4.024667182
4/16/2017 6750 0.20833 3.440757447
4/17/2017 6590 0.20124 3.244876671
4/18/2017 6770 0.21141 3.501971979
4/19/2017 6750 0.21142 3.491791578
4/20/2017 6480 0.19875 3.15123372
4/21/2017 11400 0.56166 15.66667444
4/22/2017 11400 0.56456 15.74756565
4/23/2017 8370 0.31326 6.415475834
4/24/2017 7160 0.23948 4.195471194
4/25/2017 5610 0.16267 2.232897563
4/26/2017 5340 0.1519 1.984712033
4/27/2017 6140 0.18914 2.841516797
4/28/2017 6010 0.18388 2.70400468
4/29/2017 6180 0.19322 2.921722901
4/30/2017 5840 0.17781 2.540782567
5/1/2017 5790 0.17646 2.499903879
5/2/2017 8730 0.35541 7.591758051
5/3/2017 8730 0.35744 7.635119996
5/4/2017 7870 0.29816 5.741463179
5/5/2017 7510 0.27631 5.077325563
5/6/2017 9550 0.43035 10.05596263
5/7/2017 10100 0.48223 11.91719568
5/8/2017 9410 0.42338 9.748065391
5/9/2017 8330 0.33982 6.926158228
5/10/2017 6990 0.2518 4.306568638
5/11/2017 6300 0.2136 3.292609824
5/12/2017 6470 0.22431 3.551005851
5/13/2017 6230 0.21235 3.236970815
5/14/2017 5860 0.19405 2.782337024
5/15/2017 5140 0.16037 2.016901644
5/16/2017 3810 0.10801 1.006902487
5/17/2017 2860 0.07877 0.551220487
5/18/2017 2160 0.0614 0.324504403
5/19/2017 2130 0.06109 0.318381776
5/20/2017 1880 0.056 0.257599104
5/21/2017 1740 0.05349 0.227730038
5/22/2017 1660 0.05227 0.212304432
5/23/2017 1720 0.05376 0.226248745
5/24/2017 1650 0.05273 0.212882611
5/25/2017 2030 0.06109 0.303434274
5/26/2017 5400 0.18451 2.437878967
5/27/2017 6300 0.23558 3.631428007
5/28/2017 4930 0.16363 1.973823528
5/29/2017 3230 0.09652 0.762813389
5/30/2017 2370 0.07149 0.414564505
5/31/2017 2080 0.0646 0.328771622
6/1/2017 1870 0.0601 0.274988512
6/2/2017 1730 0.05741 0.243014463
6/3/2017 1440 0.05204 0.18335732
6/4/2017 1330 0.05044 0.164144067
6/5/2017 1430 0.0525 0.18369351
6/6/2017 1530 0.05471 0.204812575
6/7/2017 1400 0.0526 0.180182352
6/8/2017 1510 0.05499 0.203169793
6/9/2017 1440 0.05398 0.1901927
6/10/2017 986 0.04739 0.114330498
6/11/2017 968 0.04749 0.112480179
6/12/2017 969 0.04779 0.113307662
6/13/2017 1180 0.05079 0.146642107
6/14/2017 1020 0.04892 0.122091405
6/15/2017 1050 0.04957 0.12735227
6/16/2017 6030 0.24791 3.657714714
6/17/2017 6970 0.31542 5.379234502
6/18/2017 4680 0.17253 1.975645171
6/19/2017 3740 0.1297 1.18688885
6/20/2017 3140 0.1067 0.819770978
6/21/2017 2980 0.10149 0.740010681
6/22/2017 2360 0.08164 0.471425935
6/23/2017 1620 0.06241 0.247381757
6/24/2017 1510 0.06032 0.222862374
6/25/2017 2210 0.0785 0.424483098
6/26/2017 2140 0.0769 0.402660089
6/27/2017 1550 0.06217 0.235782212
6/28/2017 1290 0.05716 0.180418224
6/29/2017 1320 0.05803 0.187423901
6/30/2017 1420 0.06033 0.20961393
7/1/2017 1820 0.07005 0.311944979
7/2/2017 4420 0.17199 1.860047083
7/3/2017 3900 0.14704 1.403132141
7/4/2017 3150 0.1152 0.887894784
7/5/2017 1980 0.07581 0.367273978
7/6/2017 1320 0.06007 0.194012644
7/7/2017 1130 0.05692 0.157377197
7/8/2017 1360 0.06144 0.204450693
7/9/2017 1660 0.06861 0.278672414
7/10/2017 1490 0.06483 0.236352806
7/11/2017 1453 0.0643 0.228599386
7/12/2017 1120 0.05803 0.15902634
7/13/2017 3200 0.12203 0.955465613
7/14/2017 9040 0.57169 12.64525227
7/15/2017 7850 0.44431 8.534031008
7/16/2017 6100 0.29272 4.368986506
7/17/2017 4840 0.2081 2.464426747
7/18/2017 4280 0.17672 1.850665563
7/19/2017 2480 0.09679 0.587327915
7/20/2017 2060 0.08318 0.419261137
7/21/2017 2590 0.10147 0.643036902
7/22/2017 3220 0.12713 1.001618622
7/23/2017 2360 0.09393 0.542393901
7/24/2017 2620 0.10361 0.664203924
7/25/2017 3420 0.13737 1.149519853
7/26/2017 2700 0.10731 0.708928492
7/27/2017 2320 0.09372 0.532008703
7/28/2017 1810 0.07778 0.344464908
7/29/2017 1730 0.07573 0.320562364
7/30/2017 1360 0.06659 0.22158808
7/31/2017 985 0.0599 0.14436487
8/1/2017 933 0.05941 0.135624974
8/2/2017 607 0.05909 0.087760917
8/3/2017 490 0.06203 0.074369752
8/4/2017 1200 0.06403 0.188002325
8/5/2017 1550 0.07216 0.273669686
8/6/2017 1990 0.08499 0.413827529
8/7/2017 1570 0.07296 0.280274089
8/8/2017 1897 0.08239 0.382419743
8/9/2017 1090 0.06265 0.167088302
8/10/2017 565 0.06075 0.083983352
8/11/2017 988 0.06129 0.1481648
8/12/2017 855 0.05993 0.125374399
8/13/2017 952 0.061 0.14209057
8/14/2017 840 0.05997 0.123257061
8/15/2017 797 0.05979 0.116596455
8/16/2017 866 0.0603 0.127771407
8/17/2017 893 0.0606 0.132410539
8/18/2017 937 0.06112 0.140126866
8/19/2017 858 0.06038 0.126759019
8/20/2017 757 0.0599 0.110948433
8/21/2017 598 0.06083 0.089005629
8/22/2017 767 0.05997 0.112545435
8/23/2017 1120 0.06401 0.175414028
8/24/2017 1520 0.0729 0.271125014
8/25/2017 1190 0.06534 0.190249955
8/26/2017 880 0.06068 0.130655205
8/27/2017 806 0.06013 0.118583624
8/28/2017 684 0.06003 0.10046688
8/29/2017 534 0.06215 0.081204643
8/30/2017 563 0.06143 0.084622798
8/31/2017 702 0.05988 0.102853098
9/1/2017 657 0.06006 0.096549309
9/2/2017 496 0.06318 0.076676057
9/3/2017 715 0.0597 0.104442881
9/4/2017 528 0.06203 0.080137202
9/5/2017 939 0.06091 0.139943478
9/6/2017 904.3 0.06045 0.133754163
9/7/2017 1030 0.06197 0.156177042
9/8/2017 1040 0.06204 0.157871451
9/9/2017 898 0.06013 0.132119223
9/10/2017 801 0.0593 0.116221287
9/11/2017 697 0.05909 0.100773244
9/12/2017 740 0.05892 0.106682437
9/13/2017 514 0.06158 0.077446407
9/14/2017 370 0.06955 0.062964728
9/15/2017 508 0.06151 0.076455355
9/16/2017 1580 0.0726 0.280667534
9/17/2017 932 0.05953 0.13575326
9/18/2017 761 0.05817 0.108313401
9/19/2017 642 0.05838 0.091705966
9/20/2017 579 0.05904 0.083641803
9/21/2017 582 0.05882 0.083761892
9/22/2017 457 0.06239 0.069763724
9/23/2017 336 0.07149 0.058773702
9/24/2017 356 0.06908 0.06017288
9/25/2017 368 0.06771 0.060967601
9/26/2017 266 0.08228 0.053551839
9/27/2017 262 0.08292 0.053156828
9/28/2017 536 0.05849 0.076708746
9/29/2017 469 0.06047 0.0693923
9/30/2017 457 0.06078 0.067963442
10/1/2017 353 0.06774 0.05850842
10/2/2017 422 0.06214 0.064162632
10/3/2017 686 0.0555 0.093157016
10/4/2017 449 0.06023 0.066169473
10/5/2017 646 0.0553 0.087408994
10/6/2017 627 0.05524 0.084746092
10/7/2017 815 0.05475 0.109179275
10/8/2017 762 0.05432 0.101277554
10/9/2017 1930 0.07644 0.360974447
10/10/2017 2060 0.07988 0.402627791
10/11/2017 1500 0.06474 0.237608748
10/12/2017 2690 0.09976 0.656609546
10/13/2017 3370 0.12584 1.037640901
10/14/2017 2750 0.10099 0.679531413
10/15/2017 2220 0.08285 0.450032584
10/16/2017 1770 0.06976 0.302119119
10/17/2017 1620 0.06571 0.260462349
10/18/2017 1310 0.05869 0.188119527
10/19/2017 1080 0.0545 0.144018648
10/20/2017 801 0.05145 0.100836176
10/21/2017 845 0.05142 0.106313215
10/22/2017 875 0.05137 0.109980602
10/23/2017 987 0.05219 0.126038412
10/24/2017 990 0.05194 0.125815924
10/25/2017 1020 0.05203 0.129853144
10/26/2017 888 0.05038 0.109463568
10/27/2017 980 0.05099 0.122267085
10/28/2017 1000 0.05094 0.124639992
10/29/2017 1680 0.06305 0.259174843
10/30/2017 8420 0.44504 9.168739002
10/31/2017 10300 0.64712 16.30874412
11/1/2017 7250 0.3383 6.00120519
11/2/2017 6320 0.26811 4.145992983
11/3/2017 8380 0.43131 8.843659601
11/4/2017 8600 0.44951 9.458805185
11/5/2017 9080 0.49409 10.97716986
11/6/2017 14000 1.17965 40.40914668
11/7/2017 12500 0.92035 28.14890475
11/8/2017 8690 0.44754 9.515905178
11/9/2017 7790 0.36559 6.968354517
11/10/2017 7520 0.34175 6.288178128
11/11/2017 6840 0.28929 4.84158984
11/12/2017 6320 0.25276 3.908624022
11/13/2017 6570 0.26749 4.300029075
11/14/2017 7040 0.29811 5.135085458
11/15/2017 6700 0.27288 4.473474653
11/16/2017 5960 0.22485 3.278971361
11/17/2017 4980 0.17092 2.082671139
11/18/2017 4190 0.13426 1.376445872
11/19/2017 3790 0.11759 1.090455813
11/20/2017 5330 0.18517 2.414884185
11/21/2017 5630 0.19976 2.751790684
11/22/2017 5200 0.17639 2.24427347
11/23/2017 4300 0.13467 1.416895391
11/24/2017 3650 0.10893 0.972834223
11/25/2017 3070 0.08902 0.668689398
11/26/2017 2860 0.08219 0.575153127
11/27/2017 2720 0.0777 0.517116499
11/28/2017 2410 0.069 0.406878372
11/29/2017 2120 0.06159 0.319480633
11/30/2017 1850 0.05535 0.250546203
12/1/2017 1790 0.05379 0.235587936
12/2/2017 1780 0.05326 0.231963491
12/3/2017 2080 0.0592 0.301289165
12/4/2017 1263 0.04386 0.135540926
12/5/2017 1010 0.04055 0.100209917
12/6/2017 614 0.0392 0.05889154
12/7/2017 1420 0.04536 0.157601324
12/8/2017 1780 0.05135 0.22364486
12/9/2017 1690 0.04937 0.204149492
12/10/2017 1520 0.04614 0.171600935
12/11/2017 1440 0.04459 0.157108049
12/12/2017 1450 0.04448 0.157808813
12/13/2017 1100 0.03954 0.106421119
12/14/2017 960 0.03798 0.089212285
12/15/2017 983 0.03795 0.091277507
12/16/2017 1190 0.03988 0.116118277
12/17/2017 1290 0.04092 0.129158742
12/18/2017 1110 0.03851 0.104591157
12/19/2017 1650 0.04588 0.185227654
12/20/2017 3710 0.09505 0.862828541
12/21/2017 4170 0.10942 1.11642933
12/22/2017 3470 0.08685 0.737390893
12/23/2017 2630 0.06447 0.414869865
12/24/2017 3830 0.09666 0.905824445
12/25/2017 5090 0.14066 1.75180946
12/26/2017 4260 0.1095 1.141358796
12/27/2017 3820 0.09483 0.886354768
12/28/2017 3130 0.07493 0.573850206
12/29/2017 2320 0.05575 0.316469112
12/30/2017 2090 0.05092 0.260395307
12/31/2017 2050 0.04991 0.250345565
