1/1/2017 219000 0.04841 25.94045977
1/2/2017 209100 0.04663 23.85711478
1/3/2017 214000 0.04755 24.89790276
1/4/2017 255000 0.04713 29.40600942
1/5/2017 238400 0.04884 28.48920814
1/6/2017 226400 0.04871 26.98317338
1/7/2017 216800 0.04768 25.29263032
1/8/2017 227100 0.04857 26.98880836
1/9/2017 221100 0.04801 25.97280891
1/10/2017 218600 0.04763 25.47588096
1/11/2017 229200 0.04836 27.12060524
1/12/2017 231700 0.04829 27.37673871
1/13/2017 217500 0.04719 25.11352701
1/14/2017 222100 0.0476 25.86747173
1/15/2017 213300 0.04629 24.15886395
1/16/2017 211200 0.04577 23.6522956
1/17/2017 214000 0.04617 24.17531378
1/18/2017 225700 0.04736 26.15421711
1/19/2017 226000 0.04726 26.13368357
1/20/2017 220000 0.04661 25.08997656
1/21/2017 214400 0.04569 23.9686962
1/22/2017 218200 0.04613 24.62842689
1/23/2017 213300 0.04524 23.61086639
1/24/2017 223900 0.0464 25.41970733
1/25/2017 223900 0.04625 25.33753155
1/26/2017 245400 0.04581 27.50637262
1/27/2017 251100 0.045 27.6476166
1/28/2017 243700 0.04563 27.20849185
1/29/2017 235500 0.04591 26.45432447
1/30/2017 231000 0.04575 25.8583941
1/31/2017 226700 0.04546 25.2161874
2/1/2017 237300 0.04535 26.33137277
2/2/2017 232000 0.04525 25.6865064
2/3/2017 243700 0.04462 26.60624384
2/4/2017 234500 0.04488 25.75100405
2/5/2017 230300 0.04468 25.17709243
2/6/2017 221400 0.04402 23.84658131
2/7/2017 227800 0.04425 24.66411102
2/8/2017 230600 0.04414 24.90520401
2/9/2017 226700 0.04383 24.31204341
2/10/2017 234800 0.04377 25.14624317
2/11/2017 230300 0.04356 24.54597462
2/12/2017 234500 0.04338 24.89034215
2/13/2017 243300 0.0428 25.47911563
2/14/2017 229900 0.04297 24.17145518
2/15/2017 239400 0.04265 24.98283119
2/16/2017 239400 0.04245 24.8656784
2/17/2017 225300 0.0422 23.26334249
2/18/2017 216100 0.04115 21.7582057
2/19/2017 231000 0.04199 23.73320149
2/20/2017 229200 0.04176 23.41928195
2/21/2017 233400 0.0416 23.75705779
2/22/2017 233800 0.04139 23.67763956
2/23/2017 221400 0.04072 22.05890029
2/24/2017 234800 0.04098 23.54336407
2/25/2017 249300 0.03987 24.32019126
2/26/2017 232000 0.04058 23.03554541
2/27/2017 238000 0.04028 23.45659075
2/28/2017 237000 0.04009 23.24785424
3/1/2017 245400 0.03943 23.67553531
3/2/2017 251400 0.03864 23.76845009
3/3/2017 240500 0.03934 23.14983544
3/4/2017 227800 0.03924 21.87163201
3/5/2017 226700 0.039 21.63289284
3/6/2017 233800 0.03891 22.25892619
3/7/2017 227400 0.03862 21.4882576
3/8/2017 251800 0.03739 23.03613753
3/9/2017 238400 0.03819 22.27688081
3/10/2017 239800 0.03794 22.26101576
3/11/2017 244400 0.03746 22.40100208
3/12/2017 232700 0.03769 21.45956887
3/13/2017 218600 0.0368 19.68323366
3/14/2017 218200 0.03658 19.52976058
3/15/2017 245100 0.03661 21.95540799
3/16/2017 239400 0.03675 21.52682406
3/17/2017 232400 0.03668 20.85758022
3/18/2017 238700 0.03637 21.24194069
3/19/2017 225300 0.03611 19.90614448
3/20/2017 238000 0.036 20.9641824
3/21/2017 228800 0.03585 20.06982806
3/22/2017 221800 0.0353 19.15731847
3/23/2017 229900 0.03548 19.95818547
3/24/2017 239400 0.03518 20.60717471
3/25/2017 225000 0.03492 19.2245076
3/26/2017 221100 0.03449 18.65865819
3/27/2017 232400 0.03474 19.75442576
3/28/2017 232700 0.03456 19.67743964
3/29/2017 231300 0.03437 19.45152415
3/30/2017 216500 0.03335 17.66656887
3/31/2017 237300 0.03394 19.70643422
4/1/2017 240500 0.03365 19.80152421
4/2/2017 238000 0.03357 19.54910009
4/3/2017 241200 0.03327 19.63489468
4/4/2017 256400 0.03183 19.96885352
4/5/2017 244400 0.03274 19.5784519
4/6/2017 242300 0.03269 19.38058163
4/7/2017 265200 0.03019 19.59003016
4/8/2017 249700 0.03185 19.45926583
4/9/2017 243300 0.03214 19.13314898
4/10/2017 252500 0.03127 19.31913759
4/11/2017 253600 0.031 19.23576288
4/12/2017 251800 0.03102 19.11155352
4/13/2017 251400 0.03091 19.01352982
4/14/2017 237700 0.03157 18.36124965
4/15/2017 234100 0.03148 18.0316143
4/16/2017 236600 0.03129 18.11418402
4/17/2017 253200 0.03014 18.67262697
4/18/2017 239100 0.03092 18.08912389
4/19/2017 243000 0.03061 18.19986116
4/20/2017 255700 0.02947 18.43781002
4/21/2017 263400 0.02842 18.31632395
4/22/2017 253200 0.02944 18.23895613
4/23/2017 246500 0.02985 18.00361557
4/24/2017 245800 0.02976 17.89836157
4/25/2017 242600 0.02981 17.6950276
4/26/2017 246100 0.02949 17.75762409
4/27/2017 246500 0.02933 17.68998475
4/28/2017 248300 0.02908 17.667276
4/29/2017 240100 0.02941 17.27768916
4/30/2017 231300 0.02942 16.65009719
5/1/2017 256400 0.02802 17.57861375
5/2/2017 284600 0.02393 16.66387757
5/3/2017 276200 0.02521 17.03707329
5/4/2017 245100 0.02859 17.14572834
5/5/2017 261300 0.02705 17.29438612
5/6/2017 270900 0.02571 17.04156807
5/7/2017 273300 0.02526 16.89162571
5/8/2017 277900 0.02448 16.64556083
5/9/2017 265600 0.02614 16.98760389
5/10/2017 256400 0.02709 16.9951694
5/11/2017 249000 0.02763 16.83366592
5/12/2017 255300 0.02702 16.87853044
5/13/2017 257800 0.02668 16.82934487
5/14/2017 250700 0.02724 16.70936358
5/15/2017 267000 0.02545 16.62637302
5/16/2017 262700 0.0259 16.64785592
5/17/2017 258200 0.02632 16.62802216
5/18/2017 253900 0.02665 16.55611316
5/19/2017 258900 0.0261 16.53373717
5/20/2017 243300 0.02723 16.21019436
5/21/2017 235500 0.0274 15.78846636
5/22/2017 263400 0.0254 16.36997285
5/23/2017 263800 0.02529 16.32383109
5/24/2017 256000 0.02606 16.32348365
5/25/2017 252500 0.0263 16.2485871
5/26/2017 265600 0.02491 16.18826369
5/27/2017 258900 0.0256 16.21699891
5/28/2017 255700 0.02586 16.17922521
5/29/2017 255700 0.02581 16.14794288
5/30/2017 264500 0.02484 16.07591642
5/31/2017 261700 0.02512 16.08502831
6/1/2017 262000 0.02504 16.05218246
6/2/2017 256400 0.02557 16.04158293
6/3/2017 256700 0.02551 16.02266672
6/4/2017 248600 0.02613 15.89421216
6/5/2017 252500 0.0258 15.9396786
6/6/2017 261000 0.02498 15.9525977
6/7/2017 245100 0.02624 15.73640824
6/8/2017 251400 0.02581 15.87638967
6/9/2017 251400 0.02578 15.85793591
6/10/2017 252100 0.02571 15.85891218
6/11/2017 252500 0.02565 15.84700605
6/12/2017 261700 0.02477 15.86091366
6/13/2017 248600 0.02591 15.76039178
6/14/2017 244400 0.02614 15.63166563
6/15/2017 247200 0.02597 15.70792749
6/16/2017 251400 0.02568 15.79642335
6/17/2017 244700 0.0261 15.62690416
6/18/2017 253200 0.02553 15.81659477
6/19/2017 253600 0.0255 15.82296624
6/20/2017 261000 0.0248 15.83764704
6/21/2017 258200 0.02509 15.85095274
6/22/2017 249300 0.02584 15.76207028
6/23/2017 257800 0.02514 15.85793591
6/24/2017 247200 0.026 15.72607296
6/25/2017 255700 0.02537 15.8726583
6/26/2017 264900 0.02443 15.83448333
6/27/2017 262700 0.02469 15.87009895
6/28/2017 259600 0.02505 15.91149146
6/29/2017 258200 0.02521 15.92676439
6/30/2017 258900 0.02517 15.94460401
7/1/2017 254600 0.0256 15.94765517
7/2/2017 261000 0.02501 15.97175615
7/3/2017 257800 0.02537 16.00301646
7/4/2017 246500 0.0263 15.86248206
7/5/2017 255300 0.02568 16.04147527
7/6/2017 254300 0.0258 16.05330799
7/7/2017 261000 0.02519 16.08670681
7/8/2017 253900 0.02593 16.10881854
7/9/2017 246800 0.0265 16.00256136
7/10/2017 255700 0.02586 16.17922521
7/11/2017 257400 0.02575 16.21751274
7/12/2017 256700 0.02588 16.25506133
7/13/2017 252900 0.02627 16.25576356
7/14/2017 261700 0.02547 16.30914295
7/15/2017 251800 0.02649 16.32060132
7/16/2017 256000 0.02618 16.39864934
7/17/2017 254600 0.02638 16.43356029
7/18/2017 259200 0.026 16.48947456
7/19/2017 258200 0.02617 16.5332576
7/20/2017 252900 0.02674 16.54659755
7/21/2017 257100 0.02643 16.62638036
7/22/2017 253200 0.02687 16.64676465
7/23/2017 246100 0.02748 16.54728755
7/24/2017 251400 0.02719 16.72526289
7/25/2017 248600 0.02749 16.72146546
7/26/2017 252900 0.02724 16.85599541
7/27/2017 256000 0.02704 16.93733683
7/28/2017 245100 0.02798 16.77990483
7/29/2017 238700 0.02836 16.5636909
7/30/2017 241900 0.02834 16.77390527
7/31/2017 251100 0.02786 17.11694663
8/1/2017 251800 0.02791 17.19546934
8/2/2017 250000 0.02816 17.225472
8/3/2017 250400 0.02823 17.29592027
8/4/2017 260600 0.02734 17.43297043
8/5/2017 258500 0.02769 17.51386408
8/6/2017 247900 0.02876 17.44471507
8/7/2017 252500 0.02851 17.61396267
8/8/2017 250700 0.02878 17.65401923
8/9/2017 247900 0.02912 17.66307729
8/10/2017 247200 0.02929 17.71602604
8/11/2017 249700 0.02923 17.85853501
8/12/2017 242600 0.02982 17.70096354
8/13/2017 239100 0.03009 17.60354909
8/14/2017 245800 0.0299 17.98256086
8/15/2017 242300 0.03023 17.92214692
8/16/2017 243000 0.03034 18.03932662
8/17/2017 244700 0.03039 18.19546426
8/18/2017 256000 0.02958 18.52834406
8/19/2017 239400 0.03093 18.11767805
8/20/2017 234800 0.03118 17.9131794
8/21/2017 243300 0.03105 18.48426496
8/22/2017 255300 0.03023 18.88371485
8/23/2017 254300 0.03048 18.9653034
8/24/2017 245800 0.03136 18.86063908
8/25/2017 238400 0.03187 18.59031661
8/26/2017 222100 0.03181 17.28664445
8/27/2017 222100 0.03197 17.37359393
8/28/2017 238700 0.03236 18.89989554
8/29/2017 234800 0.03261 18.73472675
8/30/2017 239800 0.03265 19.1571472
8/31/2017 240500 0.03279 19.29545257
9/1/2017 228100 0.03307 18.4568657
9/2/2017 219000 0.03272 17.53298582
9/3/2017 235200 0.03346 19.25580707
9/4/2017 235500 0.03364 19.3840879
9/5/2017 253600 0.03266 20.26580696
9/6/2017 247200 0.03343 20.22010073
9/7/2017 243000 0.03389 20.15005864
9/8/2017 243300 0.03406 20.27613735
9/9/2017 218600 0.03394 18.15350409
9/10/2017 222500 0.03443 18.74413959
9/11/2017 235900 0.03491 20.15005619
9/12/2017 233800 0.03513 20.09653244
9/13/2017 238700 0.03522 20.57028186
9/14/2017 238000 0.03543 20.63224951
9/15/2017 235500 0.03569 20.56534177
9/16/2017 226000 0.03576 19.77445037
9/17/2017 222500 0.03576 19.46820888
9/18/2017 231700 0.03629 20.57365599
9/19/2017 229500 0.03647 20.47938568
9/20/2017 227100 0.03659 20.33190237
9/21/2017 226400 0.03676 20.36340492
9/22/2017 222500 0.03674 20.00173362
9/23/2017 226400 0.03716 20.58498712
9/24/2017 230300 0.03747 21.11427156
9/25/2017 232000 0.03771 21.4063681
9/26/2017 234800 0.0379 21.77387746
9/27/2017 235900 0.03808 21.97978057
9/28/2017 226000 0.03817 21.10712446
9/29/2017 235900 0.03849 22.21643262
9/30/2017 225700 0.03855 21.2889584
10/1/2017 216500 0.03799 20.12452628
10/2/2017 226700 0.03902 21.64398663
10/3/2017 228800 0.0393 22.00123411
10/4/2017 233800 0.03955 22.62504577
10/5/2017 238700 0.03964 23.15178798
10/6/2017 234100 0.03997 22.89465132
10/7/2017 223200 0.03985 21.76311154
10/8/2017 235200 0.04036 23.22666985
10/9/2017 235900 0.04056 23.41123687
10/10/2017 232400 0.04079 23.19467549
10/11/2017 206900 0.03846 19.4701027
10/12/2017 214700 0.03998 21.00261184
10/13/2017 224600 0.04117 22.6250262
10/14/2017 234100 0.04161 23.83403657
10/15/2017 230600 0.0418 23.58490094
10/16/2017 240800 0.04179 24.6222267
10/17/2017 245100 0.04168 24.99594114
10/18/2017 240100 0.04223 24.8091402
10/19/2017 244700 0.04212 25.21859016
10/20/2017 233800 0.04281 24.48996737
10/21/2017 228800 0.04297 24.05580228
10/22/2017 218600 0.04243 22.69455447
10/23/2017 227400 0.04331 24.09778448
10/24/2017 252900 0.04218 26.10080347
10/25/2017 248300 0.04292 26.07563568
10/26/2017 229200 0.04394 24.64184025
10/27/2017 221800 0.04369 23.71057349
10/28/2017 234500 0.04435 25.44690351
10/29/2017 220400 0.04392 23.6849457
10/30/2017 262700 0.04168 26.79083532
10/31/2017 264500 0.0415 26.8579119
11/1/2017 236600 0.04503 26.06844699
11/2/2017 236300 0.04521 26.13946536
11/3/2017 234800 0.04543 26.09992752
11/4/2017 219300 0.04487 24.07648998
11/5/2017 236300 0.04572 26.43433656
11/6/2017 247200 0.04515 27.30893054
11/7/2017 249000 0.04511 27.48341185
11/8/2017 244700 0.04572 27.37402521
11/9/2017 256700 0.04434 27.84966845
11/10/2017 230600 0.04657 26.27628797
11/11/2017 237300 0.04666 27.09199236
11/12/2017 240800 0.04663 27.47390359
11/13/2017 228500 0.04696 26.25504485
11/14/2017 228500 0.0471 26.33331798
11/15/2017 232000 0.04732 26.86155763
11/16/2017 255700 0.04548 28.45441464
11/17/2017 233400 0.04759 27.17784568
11/18/2017 243300 0.04727 28.14013542
11/19/2017 256400 0.04574 28.69542444
11/20/2017 267700 0.04363 28.57801475
11/21/2017 263100 0.04473 28.79507527
11/22/2017 247200 0.04737 28.65169524
11/23/2017 243000 0.04788 28.46812651
11/24/2017 238000 0.04831 28.1327681
11/25/2017 242600 0.04813 28.56966382
11/26/2017 262400 0.04537 29.12936932
11/27/2017 257100 0.04646 29.22669813
11/28/2017 231000 0.04879 27.57663493
11/29/2017 243000 0.04846 28.8129785
11/30/2017 242300 0.0486 28.8129785
12/1/2017 241200 0.04876 28.77659948
12/2/2017 231300 0.04913 27.80486999
12/3/2017 232000 0.04921 27.9344305
12/4/2017 230300 0.04923 27.74100851
12/5/2017 261700 0.04617 29.56392345
12/6/2017 289200 0.03916 27.71018617
12/7/2017 252900 0.04783 29.59699929
12/8/2017 260600 0.04654 29.67558316
12/9/2017 245400 0.04888 29.34973791
12/10/2017 249000 0.0485 29.5487802
12/11/2017 226400 0.04942 27.3764818
12/12/2017 249300 0.04853 29.60268076
12/13/2017 240100 0.04944 29.04484706
12/14/2017 232700 0.04969 28.29201319
12/15/2017 254300 0.04787 29.78573076
12/16/2017 241600 0.04938 29.19083293
12/17/2017 220700 0.04907 26.49822985
12/18/2017 237000 0.04963 28.78002011
12/19/2017 245800 0.04902 29.48177703
12/20/2017 242300 0.04932 29.23983744
12/21/2017 230600 0.04968 28.03104973
12/22/2017 226000 0.04949 27.36682183
12/23/2017 216800 0.04852 25.73822196
12/24/2017 215800 0.04832 25.51389934
12/25/2017 274000 0.04359 29.22374729
12/26/2017 259200 0.04689 29.73813316
12/27/2017 242600 0.04913 29.1632575
12/28/2017 233800 0.04948 28.30561984
12/29/2017 235500 0.04941 28.47109937
12/30/2017 239400 0.0492 28.81958486
12/31/2017 224200 0.04902 26.89102689
