1/1/2017 270 0.08565 0.056583473
1/2/2017 284 0.0872 0.060594513
1/3/2017 327 0.09194 0.073561525
1/4/2017 394.7 0.09955 0.096140608
1/5/2017 282 0.08718 0.060153991
1/6/2017 227 0.08147 0.045250361
1/7/2017 278 0.08689 0.059103482
1/8/2017 303 0.08967 0.06647958
1/9/2017 288 0.08812 0.062096261
1/10/2017 218 0.08084 0.04312025
1/11/2017 160 0.07541 0.02952211
1/12/2017 163 0.07575 0.030211251
1/13/2017 227 0.08199 0.045539181
1/14/2017 276 0.08726 0.058928144
1/15/2017 345 0.09497 0.080168546
1/16/2017 989 0.17181 0.415760476
1/17/2017 336 0.09418 0.077427714
1/18/2017 331 0.09373 0.075911065
1/19/2017 280 0.0882 0.060426173
1/20/2017 278 0.08809 0.059919734
1/21/2017 314 0.09218 0.070821452
1/22/2017 309 0.09174 0.069361054
1/23/2017 309 0.09187 0.069459342
1/24/2017 312 0.09233 0.07048487
1/25/2017 327 0.09415 0.075329754
1/26/2017 375 0.09976 0.091534788
1/27/2017 354 0.0975 0.084451302
1/28/2017 300 0.09152 0.067179341
1/29/2017 273 0.08866 0.059222788
1/30/2017 268 0.08824 0.057862709
1/31/2017 234 0.0847 0.048495087
2/1/2017 247 0.08623 0.052113928
2/2/2017 237 0.0853 0.049464753
2/3/2017 191 0.08067 0.037700221
2/4/2017 164 0.07823 0.031391759
2/5/2017 155 0.07755 0.029411148
2/6/2017 150 0.07725 0.028352295
2/7/2017 129.3 0.07576 0.023968285
2/8/2017 319 0.09537 0.07443907
2/9/2017 219 0.08439 0.045220314
2/10/2017 170 0.0796 0.033110098
2/11/2017 138 0.07695 0.025982814
2/12/2017 272 0.09068 0.060350224
2/13/2017 311 0.09531 0.072526602
2/14/2017 330 0.09771 0.078895353
2/15/2017 359 0.10131 0.088990826
2/16/2017 341 0.09938 0.082918578
2/17/2017 310 0.09593 0.072763672
2/18/2017 383 0.10478 0.098191895
2/19/2017 417 0.1091 0.111316432
2/20/2017 357 0.10207 0.089158921
2/21/2017 340 0.10024 0.083390859
2/22/2017 337 0.10009 0.082531371
2/23/2017 339 0.10053 0.083386137
2/24/2017 338 0.10062 0.083214591
2/25/2017 416 0.11032 0.112291286
2/26/2017 420 0.11104 0.114110922
2/27/2017 357 0.10355 0.090451712
2/28/2017 341 0.10182 0.084954413
3/1/2017 431 0.11311 0.119282503
3/2/2017 370 0.1058 0.095782433
3/3/2017 340 0.10235 0.085146193
3/4/2017 330 0.10135 0.081834449
3/5/2017 229 0.08963 0.050221231
3/6/2017 277 0.0954 0.064658647
3/7/2017 290 0.09715 0.06893492
3/8/2017 276 0.09569 0.064621065
3/9/2017 256 0.09353 0.058585396
3/10/2017 232 0.09094 0.051622782
3/11/2017 200 0.08755 0.042843468
3/12/2017 174 0.08499 0.036183915
3/13/2017 158 0.08358 0.03231156
3/14/2017 155 0.08348 0.031660124
3/15/2017 216 0.0901 0.047618643
3/16/2017 327 0.10364 0.082922737
3/17/2017 181 0.08664 0.038370326
3/18/2017 150 0.08373 0.030730585
3/19/2017 148 0.08373 0.030320843
3/20/2017 175 0.08658 0.03707269
3/21/2017 292 0.1004 0.071732346
3/22/2017 449 0.12073 0.132635572
3/23/2017 327 0.10523 0.084194902
3/24/2017 418 0.11718 0.119847298
3/25/2017 661 0.14993 0.242487007
3/26/2017 638 0.14712 0.229662912
3/27/2017 614 0.14417 0.216591666
3/28/2017 602 0.14285 0.210414279
3/29/2017 598 0.14261 0.208665013
3/30/2017 592 0.14209 0.205818161
3/31/2017 960 0.1937 0.454987354
4/1/2017 990 0.19838 0.480542222
4/2/2017 750 0.16485 0.302516235
4/3/2017 660 0.15266 0.246528802
4/4/2017 855.3 0.18039 0.377510819
4/5/2017 680 0.15608 0.25968965
4/6/2017 1244 0.23755 0.723059251
4/7/2017 1630 0.29612 1.181010658
4/8/2017 1207 0.23285 0.687673018
4/9/2017 1010 0.20452 0.505423731
4/10/2017 878 0.18582 0.399195322
4/11/2017 908 0.19051 0.423255
4/12/2017 937 0.19508 0.447250474
4/13/2017 1030 0.20904 0.526823444
4/14/2017 946 0.19713 0.456291449
4/15/2017 874 0.18702 0.399942868
4/16/2017 799 0.17652 0.3450954
4/17/2017 690 0.16119 0.272135787
4/18/2017 606 0.14953 0.221717222
4/19/2017 553 0.14231 0.192556872
4/20/2017 793.2 0.17696 0.343444279
4/21/2017 1363 0.26236 0.874967557
4/22/2017 666 0.15919 0.259411057
4/23/2017 600 0.15 0.220212
4/24/2017 592 0.14911 0.21598667
4/25/2017 566 0.14565 0.201709054
4/26/2017 583 0.14832 0.211576166
4/27/2017 641 0.15691 0.246097456
4/28/2017 900 0.19512 0.429677654
4/29/2017 878 0.19215 0.412794
4/30/2017 906 0.19662 0.435867373
5/1/2017 1884 0.34953 1.611253328
5/2/2017 2040 0.3756 1.874796883
5/3/2017 1157 0.23539 0.666376756
5/4/2017 866 0.19178 0.406368165
5/5/2017 1910 0.35571 1.662370845
5/6/2017 1890 0.3529 1.631969111
5/7/2017 1670 0.31762 1.297844869
5/8/2017 1160 0.23755 0.674235314
5/9/2017 1170 0.23939 0.685315159
5/10/2017 1150 0.23659 0.665721674
5/11/2017 1090 0.22762 0.607065271
5/12/2017 1200 0.24491 0.719094946
5/13/2017 1230 0.24986 0.751969661
5/14/2017 1210 0.24701 0.731304722
5/15/2017 985 0.21251 0.512169926
5/16/2017 905 0.20053 0.444044408
5/17/2017 817 0.18741 0.374639262
5/18/2017 771 0.18068 0.340849712
5/19/2017 751 0.17785 0.326807698
5/20/2017 681 0.16754 0.27916701
5/21/2017 633 0.16055 0.248663757
5/22/2017 595 0.15506 0.225743481
5/23/2017 553 0.14899 0.201595449
5/24/2017 521 0.14442 0.184104132
5/25/2017 665 0.16584 0.269841912
5/26/2017 705 0.17195 0.296612718
5/27/2017 609 0.15774 0.235048563
5/28/2017 587 0.15458 0.222018864
5/29/2017 603 0.15704 0.23170002
5/30/2017 619 0.15951 0.241588933
5/31/2017 617 0.15931 0.24050642
6/1/2017 607 0.1579 0.23451428
6/2/2017 588 0.15515 0.22321716
6/3/2017 568 0.15225 0.21159437
6/4/2017 557 0.15068 0.20535689
6/5/2017 556 0.15059 0.204865768
6/6/2017 551.7 0.14998 0.202457936
6/7/2017 544 0.1489 0.198194715
6/8/2017 530 0.14687 0.190461603
6/9/2017 520 0.14542 0.185023101
6/10/2017 515 0.14472 0.182361961
6/11/2017 511 0.14415 0.180232878
6/12/2017 492 0.14137 0.170184825
6/13/2017 499 0.14241 0.173875945
6/14/2017 481 0.13977 0.164496823
6/15/2017 454 0.13582 0.150875267
6/16/2017 466 0.13757 0.156858525
6/17/2017 459 0.13654 0.153345507
6/18/2017 446 0.13463 0.146918057
6/19/2017 441 0.13388 0.144461715
6/20/2017 438 0.13342 0.142986001
6/21/2017 433 0.13267 0.140559142
6/22/2017 420 0.13075 0.134366022
6/23/2017 426 0.13157 0.137140253
6/24/2017 416 0.13009 0.132414552
6/25/2017 421 0.13076 0.134696242
6/26/2017 422 0.13085 0.135109115
6/27/2017 418 0.13022 0.13318412
6/28/2017 425 0.13117 0.136402371
6/29/2017 424 0.13096 0.135863561
6/30/2017 418 0.13002 0.132979567
7/1/2017 423 0.13066 0.13523263
7/2/2017 413 0.12914 0.130499638
7/3/2017 416 0.12949 0.131803831
7/4/2017 418 0.12969 0.132642056
7/5/2017 405 0.12773 0.126574554
7/6/2017 407 0.12791 0.127378867
7/7/2017 405 0.12753 0.126376364
7/8/2017 417 0.12914 0.131763557
7/9/2017 414 0.1286 0.130268611
7/10/2017 414 0.12849 0.130157183
7/11/2017 327 0.11609 0.092884027
7/12/2017 409 0.12753 0.127624525
7/13/2017 435 0.13111 0.139547977
7/14/2017 445 0.1324 0.144160562
7/15/2017 437 0.13112 0.14020027
7/16/2017 436 0.13083 0.139570072
7/17/2017 438 0.13097 0.140360339
7/18/2017 436 0.13053 0.139250031
7/19/2017 434 0.13009 0.138144028
7/20/2017 434 0.12994 0.137984741
7/21/2017 450 0.13204 0.145383962
7/22/2017 430 0.12904 0.135766081
7/23/2017 434 0.12943 0.137443167
7/24/2017 422 0.12757 0.131722352
7/25/2017 430 0.12852 0.135218976
7/26/2017 428 0.12806 0.134108325
7/27/2017 433 0.12858 0.136225933
7/28/2017 425 0.12727 0.1323468
7/29/2017 425 0.12708 0.132149221
7/30/2017 424 0.12675 0.131495926
7/31/2017 423 0.12642 0.130844245
8/1/2017 291 0.10821 0.077047554
8/2/2017 88.9 0.08628 0.01876767
8/3/2017 135 0.0892 0.029464366
8/4/2017 181 0.09389 0.041581139
8/5/2017 470 0.13191 0.151695972
8/6/2017 463 0.13072 0.148088557
8/7/2017 449 0.12856 0.141237713
8/8/2017 363.3 0.11662 0.103666135
8/9/2017 474 0.13156 0.152581078
8/10/2017 429 0.12514 0.131356605
8/11/2017 443 0.12683 0.137475146
8/12/2017 444 0.12674 0.1376877
8/13/2017 464 0.12924 0.146728136
8/14/2017 447 0.12667 0.138541462
8/15/2017 458 0.12793 0.143362759
8/16/2017 462 0.12824 0.144965266
8/17/2017 451 0.1265 0.13959361
8/18/2017 449 0.12598 0.138403291
8/19/2017 452 0.12614 0.139504987
8/20/2017 452 0.1259 0.139239558
8/21/2017 434 0.12322 0.130848698
8/22/2017 454 0.12566 0.139589059
8/23/2017 457 0.12581 0.140679182
8/24/2017 445 0.12395 0.134959983
8/25/2017 441 0.12317 0.132905209
8/26/2017 441 0.12292 0.132635449
8/27/2017 441 0.12266 0.132354899
8/28/2017 442 0.12254 0.132525245
8/29/2017 411 0.1182 0.118866033
8/30/2017 432 0.12071 0.127592594
8/31/2017 435 0.12086 0.128638308
9/1/2017 435 0.1206 0.128361575
9/2/2017 441 0.12113 0.13070397
9/3/2017 449 0.12192 0.133942921
9/4/2017 438 0.12022 0.128839582
9/5/2017 460 0.12283 0.138248604
9/6/2017 441 0.12009 0.129581769
9/7/2017 425 0.11776 0.122457446
9/8/2017 449 0.12061 0.132503738
9/9/2017 451 0.12061 0.133093955
9/10/2017 450 0.12022 0.132369433
9/11/2017 439 0.11854 0.127329172
9/12/2017 443 0.1188 0.128771169
9/13/2017 430 0.11688 0.122972253
9/14/2017 443 0.11829 0.128218364
9/15/2017 444 0.11816 0.128366566
9/16/2017 441 0.11752 0.12680864
9/17/2017 437 0.11676 0.124845817
9/18/2017 429 0.11549 0.12122722
9/19/2017 427 0.11499 0.120139666
9/20/2017 432 0.11537 0.121948121
9/21/2017 435 0.1155 0.122933349
9/22/2017 436 0.11538 0.123087938
9/23/2017 434 0.11488 0.121992359
9/24/2017 428 0.11388 0.119258598
9/25/2017 440 0.11513 0.123948037
9/26/2017 433 0.11402 0.120800131
9/27/2017 437 0.11428 0.122194073
9/28/2017 422 0.11218 0.115831414
9/29/2017 417 0.11133 0.113591736
9/30/2017 431 0.11282 0.118976678
10/1/2017 435 0.11307 0.120346959
10/2/2017 443 0.11383 0.123384025
10/3/2017 444 0.11371 0.123532179
10/4/2017 437 0.11262 0.120419115
10/5/2017 445 0.11337 0.123440204
10/6/2017 459 0.11485 0.128985876
10/7/2017 438 0.11206 0.120094523
10/8/2017 433 0.11123 0.117844225
10/9/2017 607 0.13236 0.196582078
10/10/2017 599 0.13111 0.192159169
10/11/2017 509 0.11979 0.149189006
10/12/2017 537 0.12299 0.161600447
10/13/2017 528 0.12165 0.1571609
10/14/2017 519 0.12032 0.152793069
10/15/2017 512 0.11925 0.149391821
10/16/2017 484 0.11565 0.136958651
10/17/2017 495 0.11676 0.141415742
10/18/2017 477 0.11439 0.133507269
10/19/2017 489 0.11562 0.138337619
10/20/2017 443 0.10993 0.119156689
10/21/2017 443 0.10973 0.118939902
10/22/2017 442 0.10943 0.118346969
10/23/2017 424 0.10711 0.111120541
10/24/2017 452 0.11023 0.121909265
10/25/2017 438 0.1084 0.116172107
10/26/2017 430 0.10728 0.112871863
10/27/2017 437 0.10793 0.115404325
10/28/2017 437 0.10776 0.115222552
10/29/2017 440 0.10793 0.116196575
10/30/2017 457 0.10976 0.122732271
10/31/2017 466 0.11065 0.126164104
11/1/2017 463 0.11013 0.124762797
11/2/2017 467 0.11044 0.126194884
11/3/2017 533 0.11803 0.153928164
11/4/2017 517 0.11598 0.14671419
11/5/2017 546 0.11923 0.159285652
11/6/2017 823 0.15223 0.306548048
11/7/2017 763 0.14477 0.270272329
11/8/2017 774 0.14591 0.276327743
11/9/2017 807 0.14971 0.295612515
11/10/2017 834 0.1528 0.311808447
11/11/2017 828 0.15189 0.307721606
11/12/2017 809 0.14943 0.295790887
11/13/2017 771 0.1447 0.272974061
11/14/2017 750 0.14203 0.260639253
11/15/2017 710 0.13712 0.238208703
11/16/2017 651 0.12999 0.207056755
11/17/2017 605 0.12445 0.184225077
11/18/2017 562 0.11931 0.164063372
11/19/2017 709 0.13647 0.23674559
11/20/2017 624 0.12634 0.192896316
11/21/2017 539 0.11632 0.153405747
11/22/2017 527 0.11483 0.148069105
11/23/2017 515 0.11336 0.142845163
11/24/2017 497 0.11121 0.135237988
11/25/2017 470 0.10804 0.124245568
11/26/2017 442 0.10477 0.113307246
11/27/2017 407 0.10075 0.100331646
11/28/2017 359 0.09532 0.083729202
11/29/2017 318 0.09075 0.070610978
11/30/2017 289 0.08756 0.061915883
12/1/2017 261 0.08454 0.053988495
12/2/2017 238 0.08211 0.047815806
12/3/2017 224 0.08065 0.04420291
12/4/2017 196 0.07786 0.037339538
12/5/2017 143 0.07318 0.025605126
12/6/2017 139 0.07285 0.024776664
12/7/2017 119.7 0.07148 0.020935203
12/8/2017 119 0.07144 0.020801128
12/9/2017 110 0.07092 0.019087976
12/10/2017 104 0.07063 0.017973018
12/11/2017 99.4 0.07043 0.017129416
12/12/2017 93.3 0.07023 0.016032557
12/13/2017 101 0.07048 0.017417497
12/14/2017 108 0.07078 0.018703926
12/15/2017 120 0.07144 0.020975927
12/16/2017 117 0.07126 0.020399999
12/17/2017 117 0.07126 0.020399999
12/18/2017 139 0.07275 0.024742653
12/19/2017 400 0.09942 0.097304342
12/20/2017 428 0.10259 0.107435367
12/21/2017 348 0.09368 0.079767246
12/22/2017 293 0.08772 0.062887556
12/23/2017 289 0.08731 0.061739101
12/24/2017 298 0.08831 0.064390919
12/25/2017 293 0.0878 0.062944909
12/26/2017 280 0.08644 0.05922039
12/27/2017 265 0.08489 0.055042846
12/28/2017 254 0.08378 0.052068198
12/29/2017 248 0.08319 0.050480224
12/30/2017 243 0.08272 0.049183029
12/31/2017 236 0.08204 0.047373571
